7.344664e-16 1.000000e+00 7.770846e-16 1.000000e+00 6.567563e-16 1.122646e-15
1.000000e-03 1.000000e+00 -5.465624e-17 1.000000e+00 -4.619296e-17 8.644080e-16
2.000000e-03 1.000000e+00 -3.347438e-16 1.000000e+00 -2.829101e-16 6.061696e-16
3.000000e-03 1.000000e+00 -2.716127e-16 1.000000e+00 -2.295546e-16 3.479312e-16
4.000000e-03 1.000000e+00 -7.369773e-17 1.000000e+00 -6.228595e-17 8.969285e-17
5.000000e-03 1.000000e+00 5.056636e-17 1.000000e+00 4.273637e-17 -1.685455e-16

5.000000e-03 1.000000e+00 -4.088665e-16 1.000000e+00 -3.455553e-16 -1.685455e-16
6.000000e-03 1.000000e+00 9.076525e-17 1.000000e+00 7.671064e-17 9.051412e-16
7.000000e-03 1.000000e+00 4.417520e-16 1.000000e+00 3.733486e-16 1.978828e-15
8.000000e-03 1.000000e+00 1.111047e-15 1.000000e+00 9.390064e-16 3.052515e-15
9.000000e-03 1.000000e+00 2.565605e-15 1.000000e+00 2.168332e-15 4.126201e-15
1.000000e-02 1.000000e+00 5.272378e-15 1.000000e+00 4.455972e-15 5.199888e-15

1.000000e-02 1.000000e+00 5.859738e-15 1.000000e+00 4.952382e-15 5.199888e-15
1.100000e-02 1.000000e+00 5.361760e-15 1.000000e+00 4.531514e-15 7.136027e-15
1.200000e-02 1.000000e+00 6.835869e-15 1.000000e+00 5.777364e-15 9.072167e-15
1.300000e-02 1.000000e+00 9.368269e-15 1.000000e+00 7.917633e-15 1.100831e-14
1.400000e-02 1.000000e+00 1.204517e-14 1.000000e+00 1.018002e-14 1.294445e-14
1.500000e-02 1.000000e+00 1.395276e-14 1.000000e+00 1.179224e-14 1.488058e-14

1.500000e-02 1.000000e+00 1.636269e-14 1.000000e+00 1.382900e-14 1.488058e-14
1.600000e-02 1.000000e+00 1.333866e-14 1.000000e+00 1.127322e-14 1.326700e-14
1.700000e-02 1.000000e+00 1.484916e-14 1.000000e+00 1.254983e-14 1.165342e-14
1.800000e-02 1.000000e+00 1.670033e-14 1.000000e+00 1.411436e-14 1.003984e-14
1.900000e-02 1.000000e+00 1.469830e-14 1.000000e+00 1.242233e-14 8.426260e-15
2.000000e-02 1.000000e+00 4.649198e-15 1.000000e+00 3.929289e-15 6.812679e-15

2.000000e-02 1.000000e+00 7.837726e-15 1.000000e+00 6.624088e-15 6.812679e-15
2.100000e-02 1.000000e+00 6.496976e-15 1.000000e+00 5.490947e-15 5.717199e-15
2.200000e-02 1.000000e+00 3.835184e-15 1.000000e+00 3.241322e-15 4.621720e-15
2.300000e-02 1.000000e+00 1.102057e-15 1.000000e+00 9.314086e-16 3.526240e-15
2.400000e-02 1.000000e+00 -4.526963e-16 1.000000e+00 -3.825982e-16 2.430760e-15
2.500000e-02 1.000000e+00 4.206304e-16 1.000000e+00 3.554976e-16 1.335280e-15

2.500000e-02 1.000000e+00 2.726637e-15 1.000000e+00 2.304429e-15 1.335280e-15
2.600000e-02 1.000000e+00 7.121006e-15 1.000000e+00 6.018348e-15 4.985622e-15
2.700000e-02 1.000000e+00 1.100250e-14 1.000000e+00 9.298814e-15 8.635965e-15
2.800000e-02 1.000000e+00 1.442662e-14 1.000000e+00 1.219272e-14 1.228631e-14
2.900000e-02 1.000000e+00 1.744882e-14 1.000000e+00 1.474694e-14 1.593665e-14
3.000000e-02 1.000000e+00 2.012459e-14 1.000000e+00 1.700838e-14 1.958699e-14

3.000000e-02 1.000000e+00 1.889482e-14 1.000000e+00 1.596904e-14 1.958699e-14
3.100000e-02 1.000000e+00 2.082752e-14 1.000000e+00 1.760247e-14 1.829792e-14
3.200000e-02 1.000000e+00 2.265174e-14 1.000000e+00 1.914422e-14 1.700885e-14
3.300000e-02 1.000000e+00 2.295047e-14 1.000000e+00 1.939669e-14 1.571977e-14
3.400000e-02 1.000000e+00 2.030669e-14 1.000000e+00 1.716229e-14 1.443070e-14
3.500000e-02 1.000000e+00 1.330339e-14 1.000000e+00 1.124342e-14 1.314163e-14

3.500000e-02 1.000000e+00 1.111499e-14 1.000000e+00 9.393881e-15 1.314163e-14
3.600000e-02 1.000000e+00 1.052297e-14 1.000000e+00 8.893531e-15 1.163999e-14
3.700000e-02 1.000000e+00 9.267540e-15 1.000000e+00 7.832500e-15 1.013835e-14
3.800000e-02 1.000000e+00 7.570219e-15 1.000000e+00 6.398003e-15 8.636710e-15
3.900000e-02 1.000000e+00 5.652519e-15 1.000000e+00 4.777250e-15 7.135072e-15
4.000000e-02 1.000000e+00 3.735953e-15 1.000000e+00 3.157456e-15 5.633433e-15

4.000000e-02 1.000000e+00 5.911407e-15 1.000000e+00 4.996051e-15 5.633433e-15
4.100000e-02 1.000000e+00 2.343736e-15 1.000000e+00 1.980819e-15 5.175421e-15
4.200000e-02 1.000000e+00 1.098831e-15 1.000000e+00 9.286813e-16 4.717408e-15
4.300000e-02 1.000000e+00 1.305147e-15 1.000000e+00 1.103051e-15 4.259396e-15
4.400000e-02 1.000000e+00 2.091146e-15 1.000000e+00 1.767341e-15 3.801383e-15
4.500000e-02 1.000000e+00 2.585284e-15 1.000000e+00 2.184964e-15 3.343371e-15

4.500000e-02 1.000000e+00 3.866233e-15 1.000000e+00 3.267563e-15 3.343371e-15
4.600000e-02 1.000000e+00 9.465633e-15 1.000000e+00 7.999920e-15 5.616801e-15
4.700000e-02 1.000000e+00 1.225633e-14 1.000000e+00 1.035849e-14 7.890230e-15
4.800000e-02 1.000000e+00 1.344856e-14 1.000000e+00 1.136611e-14 1.016366e-14
4.900000e-02 1.000000e+00 1.425254e-14 1.000000e+00 1.204559e-14 1.243709e-14
5.000000e-02 1.000000e+00 1.587849e-14 1.000000e+00 1.341977e-14 1.471052e-14

5.000000e-02 1.000000e+00 1.393503e-14 1.000000e+00 1.177725e-14 1.471052e-14
5.100000e-02 1.000000e+00 1.501736e-14 1.000000e+00 1.269199e-14 1.382933e-14
5.200000e-02 1.000000e+00 1.601893e-14 1.000000e+00 1.353847e-14 1.294814e-14
5.300000e-02 1.000000e+00 1.607074e-14 1.000000e+00 1.358225e-14 1.206694e-14
5.400000e-02 1.000000e+00 1.430376e-14 1.000000e+00 1.208888e-14 1.118575e-14
5.500000e-02 1.000000e+00 9.848975e-15 1.000000e+00 8.323903e-15 1.030456e-14

5.500000e-02 1.000000e+00 1.188252e-14 1.000000e+00 1.004256e-14 1.030456e-14
5.600000e-02 1.000000e+00 7.341619e-15 1.000000e+00 6.204800e-15 9.553519e-15
5.700000e-02 1.000000e+00 7.138933e-15 1.000000e+00 6.033499e-15 8.802478e-15
5.800000e-02 1.000000e+00 8.748033e-15 1.000000e+00 7.393437e-15 8.051436e-15
5.900000e-02 1.000000e+00 9.642491e-15 1.000000e+00 8.149392e-15 7.300395e-15
6.000000e-02 1.000000e+00 7.295881e-15 1.000000e+00 6.166145e-15 6.549354e-15

6.000000e-02 1.000000e+00 4.953937e-15 1.000000e+00 4.186841e-15 6.549354e-15
6.100000e-02 1.000000e+00 1.390553e-14 1.000000e+00 1.175232e-14 7.298702e-15
6.200000e-02 1.000000e+00 1.443805e-14 1.000000e+00 1.220238e-14 8.048050e-15
6.300000e-02 1.000000e+00 1.168925e-14 1.000000e+00 9.879217e-15 8.797398e-15
6.400000e-02 1.000000e+00 1.079684e-14 1.000000e+00 9.124994e-15 9.546746e-15
6.500000e-02 1.000000e+00 1.689856e-14 1.000000e+00 1.428189e-14 1.029609e-14

6.500000e-02 1.000000e+00 3.323373e-15 1.000000e+00 2.808763e-15 1.029609e-14
6.600000e-02 1.000000e+00 1.977467e-14 1.000000e+00 1.671265e-14 1.590311e-14
6.700000e-02 1.000000e+00 2.266711e-14 1.000000e+00 1.915721e-14 2.151013e-14
6.800000e-02 1.000000e+00 2.141119e-14 1.000000e+00 1.809575e-14 2.711714e-14
6.900000e-02 1.000000e+00 2.541739e-14 1.000000e+00 2.148162e-14 3.272416e-14
7.000000e-02 1.000000e+00 4.409623e-14 1.000000e+00 3.726812e-14 3.833118e-14

7.000000e-02 1.000000e+00 3.231144e-14 1.000000e+00 2.730815e-14 3.833118e-14
7.100000e-02 1.000000e+00 3.411146e-14 1.000000e+00 2.882945e-14 3.212600e-14
7.200000e-02 1.000000e+00 3.017948e-14 1.000000e+00 2.550632e-14 2.592083e-14
7.300000e-02 1.000000e+00 2.343166e-14 1.000000e+00 1.980336e-14 1.971565e-14
7.400000e-02 1.000000e+00 1.678416e-14 1.000000e+00 1.418520e-14 1.351048e-14
7.500000e-02 1.000000e+00 1.315314e-14 1.000000e+00 1.111644e-14 7.305301e-15

7.500000e-02 1.000000e+00 2.047120e-15 1.000000e+00 1.730132e-15 7.305301e-15
7.600000e-02 1.000000e+00 1.601632e-14 1.000000e+00 1.353626e-14 1.302007e-14
7.700000e-02 1.000000e+00 1.789929e-14 1.000000e+00 1.512766e-14 1.873485e-14
7.800000e-02 1.000000e+00 1.665272e-14 1.000000e+00 1.407412e-14 2.444962e-14
7.900000e-02 1.000000e+00 2.123332e-14 1.000000e+00 1.794543e-14 3.016439e-14
8.000000e-02 1.000000e+00 4.059782e-14 1.000000e+00 3.431142e-14 3.587916e-14

8.000000e-02 1.000000e+00 3.123565e-14 1.000000e+00 2.639895e-14 3.587916e-14
8.100000e-02 1.000000e+00 3.324313e-14 1.000000e+00 2.809558e-14 3.466064e-14
8.200000e-02 1.000000e+00 3.216454e-14 1.000000e+00 2.718400e-14 3.344211e-14
8.300000e-02 1.000000e+00 2.966938e-14 1.000000e+00 2.507520e-14 3.222358e-14
8.400000e-02 1.000000e+00 2.742716e-14 1.000000e+00 2.318018e-14 3.100505e-14
8.500000e-02 1.000000e+00 2.710738e-14 1.000000e+00 2.290991e-14 2.978653e-14

8.500000e-02 1.000000e+00 3.258471e-14 1.000000e+00 2.753911e-14 2.978653e-14
8.600000e-02 1.000000e+00 1.264485e-14 1.000000e+00 1.068685e-14 1.930396e-14
8.700000e-02 1.000000e+00 4.263419e-15 1.000000e+00 3.603246e-15 8.821395e-15
8.800000e-02 1.000000e+00 4.055834e-16 1.000000e+00 3.427806e-16 -1.661171e-15
8.900000e-02 1.000000e+00 -5.963494e-15 1.000000e+00 -5.040072e-15 -1.214374e-14
9.000000e-02 1.000000e+00 -2.187865e-14 1.000000e+00 -1.849083e-14 -2.262630e-14

9.000000e-02 1.000000e+00 -2.416157e-14 1.000000e+00 -2.042025e-14 -2.262630e-14
9.100000e-02 1.000000e+00 -7.035110e-15 1.000000e+00 -5.945753e-15 -1.876582e-14
9.200000e-02 1.000000e+00 -5.056202e-15 1.000000e+00 -4.273271e-15 -1.490534e-14
9.300000e-02 1.000000e+00 -8.715169e-15 1.000000e+00 -7.365662e-15 -1.104485e-14
9.400000e-02 1.000000e+00 -8.502338e-15 1.000000e+00 -7.185787e-15 -7.184370e-15
9.500000e-02 1.000000e+00 5.091964e-15 1.000000e+00 4.303495e-15 -3.323887e-15

9.500000e-02 1.000000e+00 -1.218906e-14 1.000000e+00 -1.030164e-14 -3.323887e-15
9.600000e-02 1.000000e+00 3.196027e-15 1.000000e+00 2.701136e-15 -3.347414e-16
9.700000e-02 1.000000e+00 3.958854e-15 1.000000e+00 3.345843e-15 2.654404e-15
9.800000e-02 1.000000e+00 -4.812938e-16 1.000000e+00 -4.067675e-16 5.643549e-15
9.900000e-02 1.000000e+00 -7.051285e-16 1.000000e+00 -5.959424e-16 8.632694e-15
1.000000e-01 1.000000e+00 1.270664e-14 1.000000e+00 1.073907e-14 1.162184e-14

1.000000e-01 1.000000e+00 1.131413e-14 1.000000e+00 9.562182e-15 1.162184e-14
1.010000e-01 1.000000e+00 1.812345e-15 1.000000e+00 1.531711e-15 1.004381e-14
1.020000e-01 1.000000e+00 3.209442e-15 1.000000e+00 2.712474e-15 8.465776e-15
1.030000e-01 1.000000e+00 7.864724e-15 1.000000e+00 6.646905e-15 6.887744e-15
1.040000e-01 1.000000e+00 8.137497e-15 1.000000e+00 6.877441e-15 5.309712e-15
1.050000e-01 1.000000e+00 -3.612933e-15 1.000000e+00 -3.053486e-15 3.731681e-15

1.050000e-01 1.000000e+00 1.182340e-14 1.000000e+00 9.992600e-15 3.731681e-15
1.060000e-01 1.000000e+00 -4.902283e-15 1.000000e+00 -4.143186e-15 7.547614e-16
1.070000e-01 1.000000e+00 -6.281427e-15 1.000000e+00 -5.308775e-15 -2.222158e-15
1.080000e-01 1.000000e+00 -2.192448e-15 1.000000e+00 -1.852957e-15 -5.199077e-15
1.090000e-01 1.000000e+00 -2.513766e-15 1.000000e+00 -2.124520e-15 -8.175996e-15
1.100000e-01 1.000000e+00 -1.712380e-14 1.000000e+00 -1.447225e-14 -1.115291e-14

1.100000e-01 1.000000e+00 -5.055591e-15 1.000000e+00 -4.272754e-15 -1.115291e-14
1.110000e-01 1.000000e+00 -1.685302e-14 1.000000e+00 -1.424340e-14 -1.736892e-14
1.120000e-01 1.000000e+00 -2.209227e-14 1.000000e+00 -1.867138e-14 -2.358493e-14
1.130000e-01 1.000000e+00 -2.488346e-14 1.000000e+00 -2.103036e-14 -2.980094e-14
1.140000e-01 1.000000e+00 -2.933670e-14 1.000000e+00 -2.479404e-14 -3.601695e-14
1.150000e-01 1.000000e+00 -3.956209e-14 1.000000e+00 -3.343607e-14 -4.223296e-14

1.150000e-01 1.000000e+00 -4.568655e-14 1.000000e+00 -3.861219e-14 -4.223296e-14
1.160000e-01 1.000000e+00 -2.066128e-14 1.000000e+00 -1.746197e-14 -3.344476e-14
1.170000e-01 1.000000e+00 -1.321877e-14 1.000000e+00 -1.117190e-14 -2.465655e-14
1.180000e-01 1.000000e+00 -1.264144e-14 1.000000e+00 -1.068396e-14 -1.586834e-14
1.190000e-01 1.000000e+00 -8.211691e-15 1.000000e+00 -6.940146e-15 -7.080135e-15
1.200000e-01 1.000000e+00 1.078806e-14 1.000000e+00 9.117573e-15 1.708072e-15

1.200000e-01 1.000000e+00 -7.040311e-15 1.000000e+00 -5.950148e-15 1.708072e-15
1.210000e-01 1.000000e+00 1.003511e-14 1.000000e+00 8.481217e-15 6.762363e-15
1.220000e-01 1.000000e+00 1.425742e-14 1.000000e+00 1.204972e-14 1.181665e-14
1.230000e-01 1.000000e+00 1.370576e-14 1.000000e+00 1.158348e-14 1.687095e-14
1.240000e-01 1.000000e+00 1.645927e-14 1.000000e+00 1.391062e-14 2.192524e-14
1.250000e-01 1.000000e+00 3.059707e-14 1.000000e+00 2.585924e-14 2.697953e-14

1.250000e-01 1.000000e+00 2.333897e-14 1.000000e+00 1.972503e-14 2.697953e-14
1.260000e-01 1.000000e+00 1.738176e-14 1.000000e+00 1.469027e-14 2.306775e-14
1.270000e-01 1.000000e+00 1.474047e-14 1.000000e+00 1.245797e-14 1.915596e-14
1.280000e-01 1.000000e+00 1.336026e-14 1.000000e+00 1.129148e-14 1.524418e-14
1.290000e-01 1.000000e+00 1.118625e-14 1.000000e+00 9.454104e-15 1.133240e-14
1.300000e-01 1.000000e+00 6.163589e-15 1.000000e+00 5.209183e-15 7.420612e-15

1.300000e-01 1.000000e+00 7.678239e-15 1.000000e+00 6.489296e-15 7.420612e-15
1.310000e-01 1.000000e+00 -1.403663e-15 1.000000e+00 -1.186312e-15 -1.362406e-15
1.320000e-01 1.000000e+00 -8.100152e-15 1.000000e+00 -6.845878e-15 -1.014542e-14
1.330000e-01 1.000000e+00 -1.384144e-14 1.000000e+00 -1.169815e-14 -1.892844e-14
1.340000e-01 1.000000e+00 -2.005773e-14 1.000000e+00 -1.695188e-14 -2.771146e-14
1.350000e-01 1.000000e+00 -2.817925e-14 1.000000e+00 -2.381581e-14 -3.649448e-14

1.350000e-01 1.000000e+00 -4.540513e-14 1.000000e+00 -3.837434e-14 -3.649448e-14
1.360000e-01 1.000000e+00 -8.191273e-15 1.000000e+00 -6.922889e-15 -2.277737e-14
1.370000e-01 1.000000e+00 1.822709e-15 1.000000e+00 1.540470e-15 -9.060264e-15
1.380000e-01 1.000000e+00 2.149139e-15 1.000000e+00 1.816354e-15 4.656843e-15
1.390000e-01 1.000000e+00 1.030035e-14 1.000000e+00 8.705382e-15 1.837395e-14
1.400000e-01 1.000000e+00 4.378866e-14 1.000000e+00 3.700817e-14 3.209106e-14

1.400000e-01 1.000000e+00 1.901148e-14 1.000000e+00 1.606763e-14 3.209106e-14
1.410000e-01 1.000000e+00 2.851184e-14 1.000000e+00 2.409690e-14 3.542974e-14
1.420000e-01 1.000000e+00 3.462112e-14 1.000000e+00 2.926019e-14 3.876843e-14
1.430000e-01 1.000000e+00 3.808249e-14 1.000000e+00 3.218557e-14 4.210712e-14
1.440000e-01 1.000000e+00 3.963907e-14 1.000000e+00 3.350113e-14 4.544580e-14
1.450000e-01 1.000000e+00 4.003403e-14 1.000000e+00 3.383493e-14 4.878449e-14

1.450000e-01 1.000000e+00 5.272461e-14 1.000000e+00 4.456043e-14 4.878449e-14
1.460000e-01 1.000000e+00 2.968731e-15 1.000000e+00 2.509036e-15 3.333424e-14
1.470000e-01 1.000000e+00 2.792831e-15 1.000000e+00 2.360373e-15 1.788399e-14
1.480000e-01 1.000000e+00 1.805715e-14 1.000000e+00 1.526108e-14 2.433738e-15
1.490000e-01 1.000000e+00 1.462193e-14 1.000000e+00 1.235779e-14 -1.301651e-14
1.500000e-01 1.000000e+00 -4.165258e-14 1.000000e+00 -3.520286e-14 -2.846676e-14

1.500000e-01 1.000000e+00 -2.490494e-14 1.000000e+00 -2.104851e-14 -2.846676e-14
1.510000e-01 1.000000e+00 -3.998627e-14 1.000000e+00 -3.379457e-14 -3.292459e-14
1.520000e-01 1.000000e+00 -2.497008e-14 1.000000e+00 -2.110357e-14 -3.738242e-14
1.530000e-01 1.000000e+00 -7.195429e-15 1.000000e+00 -6.081247e-15 -4.184025e-14
1.540000e-01 1.000000e+00 -1.400142e-14 1.000000e+00 -1.183336e-14 -4.629808e-14
1.550000e-01 1.000000e+00 -7.272715e-14 1.000000e+00 -6.146566e-14 -5.075591e-14

1.550000e-01 1.000000e+00 -5.523248e-14 1.000000e+00 -4.667997e-14 -5.075591e-14
1.560000e-01 1.000000e+00 -1.300964e-13 1.000000e+00 -1.099515e-13 -4.636006e-14
1.570000e-01 1.000000e+00 -8.918202e-14 1.000000e+00 -7.537256e-14 -4.196421e-14
1.580000e-01 1.000000e+00 -9.244758e-15 1.000000e+00 -7.813246e-15 -3.756835e-14
1.590000e-01 1.000000e+00 3.295995e-14 1.000000e+00 2.785625e-14 -3.317250e-14
1.600000e-01 1.000000e+00 -3.932331e-14 1.000000e+00 -3.323426e-14 -2.877665e-14

1.600000e-01 1.000000e+00 -5.045729e-14 1.000000e+00 -4.264419e-14 -2.877665e-14
1.610000e-01 1.000000e+00 -4.911954e-14 1.000000e+00 -4.151359e-14 -2.884602e-14
1.620000e-01 1.000000e+00 2.420818e-14 1.000000e+00 2.045964e-14 -2.891539e-14
1.630000e-01 1.000000e+00 9.791601e-14 1.000000e+00 8.275413e-14 -2.898475e-14
1.640000e-01 1.000000e+00 1.003941e-13 1.000000e+00 8.484849e-14 -2.905412e-14
1.650000e-01 1.000000e+00 -3.996744e-14 1.000000e+00 -3.377865e-14 -2.912349e-14

1.650000e-01 1.000000e+00 -6.878806e-14 1.000000e+00 -5.813652e-14 -2.912349e-14
1.660000e-01 1.000000e+00 7.256355e-14 1.000000e+00 6.132739e-14 -1.495888e-13
1.670000e-01 1.000000e+00 9.543545e-14 1.000000e+00 8.065768e-14 -2.700542e-13
1.680000e-01 1.000000e+00 -1.177990e-14 1.000000e+00 -9.955836e-15 -3.905195e-13
1.690000e-01 1.000000e+00 -2.606901e-13 1.000000e+00 -2.203233e-13 -5.109849e-13
1.700000e-01 1.000000e+00 -6.629027e-13 1.000000e+00 -5.602550e-13 -6.314502e-13

1.700000e-01 1.000000e+00 -4.625372e-13 1.000000e+00 -3.909153e-13 -6.314502e-13
1.710000e-01 1.000000e+00 5.199389e-13 1.000000e+00 4.394286e-13 -6.825930e-13
1.720000e-01 1.000000e+00 2.416607e-13 1.000000e+00 2.042406e-13 -7.337357e-13
1.730000e-01 1.000000e+00 -5.573998e-13 1.000000e+00 -4.710888e-13 -7.848785e-13
1.740000e-01 1.000000e+00 -1.137271e-12 1.000000e+00 -9.611691e-13 -8.360212e-13
1.750000e-01 1.000000e+00 -7.579796e-13 1.000000e+00 -6.406097e-13 -8.871640e-13

1.750000e-01 1.000000e+00 5.303964e-14 1.000000e+00 4.482668e-14 -8.871640e-13
1.760000e-01 1.000000e+00 2.783121e-12 1.000000e+00 2.352166e-12 -6.597560e-13
1.770000e-01 1.000000e+00 6.531706e-13 1.000000e+00 5.520299e-13 -4.323481e-13
1.780000e-01 1.000000e+00 -2.724777e-12 1.000000e+00 -2.302857e-12 -2.049402e-13
1.790000e-01 1.000000e+00 -3.738690e-12 1.000000e+00 -3.159770e-12 2.246778e-14
1.800000e-01 1.000000e+00 1.223466e-12 1.000000e+00 1.034017e-12 2.498757e-13

1.800000e-01 1.000000e+00 2.655390e-12 1.000000e+00 2.244214e-12 2.498757e-13
1.810000e-01 1.000000e+00 7.432313e-12 1.000000e+00 6.281451e-12 1.177504e-12
1.820000e-01 1.000000e+00 1.534836e-13 1.000000e+00 1.297173e-13 2.105132e-12
1.830000e-01 1.000000e+00 -8.950817e-12 1.000000e+00 -7.564821e-12 3.032760e-12
1.840000e-01 1.000000e+00 -9.650305e-12 1.000000e+00 -8.155996e-12 3.960388e-12
1.850000e-01 1.000000e+00 8.285303e-12 1.000000e+00 7.002359e-12 4.888016e-12

1.850000e-01 1.000000e+00 1.006408e-11 1.000000e+00 8.505702e-12 4.888016e-12
1.860000e-01 1.000000e+00 1.882434e-11 1.000000e+00 1.590947e-11 7.200357e-12
1.870000e-01 1.000000e+00 -4.565288e-13 1.000000e+00 -3.858373e-13 9.512697e-12
1.880000e-01 1.000000e+00 -2.265208e-11 1.000000e+00 -1.914450e-11 1.182504e-11
1.890000e-01 1.000000e+00 -2.263589e-11 1.000000e+00 -1.913082e-11 1.413738e-11
1.900000e-01 1.000000e+00 2.471850e-11 1.000000e+00 2.089094e-11 1.644972e-11

1.900000e-01 1.000000e+00 2.647475e-11 1.000000e+00 2.237525e-11 1.644972e-11
1.910000e-01 1.000000e+00 3.598923e-11 1.000000e+00 3.041645e-11 1.367487e-11
1.920000e-01 1.000000e+00 4.499169e-12 1.000000e+00 3.802491e-12 1.090003e-11
1.930000e-01 1.000000e+00 -3.301554e-11 1.000000e+00 -2.790323e-11 8.125179e-12
1.940000e-01 1.000000e+00 -4.157502e-11 1.000000e+00 -3.513731e-11 5.350333e-12
1.950000e-01 1.000000e+00 1.380063e-11 1.000000e+00 1.166366e-11 2.575486e-12

1.950000e-01 1.000000e+00 1.469424e-12 1.000000e+00 1.241890e-12 2.575486e-12
1.960000e-01 1.000000e+00 3.524096e-11 1.000000e+00 2.978405e-11 -4.268191e-11
1.970000e-01 1.000000e+00 5.838712e-11 1.000000e+00 4.934613e-11 -8.793931e-11
1.980000e-01 1.000000e+00 3.967891e-11 1.000000e+00 3.353480e-11 -1.331967e-10
1.990000e-01 1.000000e+00 -5.211269e-11 1.000000e+00 -4.404326e-11 -1.784541e-10
2.000000e-01 1.000000e+00 -2.482167e-10 1.000000e+00 -2.097814e-10 -2.237115e-10

2.000000e-01 1.000000e+00 -2.424658e-10 1.000000e+00 -2.049210e-10 -2.237115e-10
2.010000e-01 1.000000e+00 -2.871028e-11 1.000000e+00 -2.426461e-11 -2.978743e-10
2.020000e-01 1.000000e+00 2.223133e-10 1.000000e+00 1.878891e-10 -3.720370e-10
2.030000e-01 1.000000e+00 3.161564e-10 1.000000e+00 2.672010e-10 -4.461998e-10
2.040000e-01 1.000000e+00 5.837044e-11 1.000000e+00 4.933202e-11 -5.203625e-10
2.050000e-01 1.000000e+00 -7.454933e-10 1.000000e+00 -6.300568e-10 -5.945253e-10

2.050000e-01 1.000000e+00 -5.517745e-10 1.000000e+00 -4.663345e-10 -5.945253e-10
2.060000e-01 1.000000e+00 -4.852052e-10 1.000000e+00 -4.100732e-10 -4.451651e-10
2.070000e-01 1.000000e+00 1.801639e-10 1.000000e+00 1.522663e-10 -2.958049e-10
2.080000e-01 1.000000e+00 8.551329e-10 1.000000e+00 7.227192e-10 -1.464447e-10
2.090000e-01 1.000000e+00 9.505020e-10 1.000000e+00 8.033208e-10 2.915490e-12
2.100000e-01 1.000000e+00 -1.229286e-10 1.000000e+00 -1.038936e-10 1.522757e-10

2.100000e-01 1.000000e+00 -1.950293e-10 1.000000e+00 -1.648298e-10 1.522757e-10
2.110000e-01 1.000000e+00 -2.236512e-09 1.000000e+00 -1.890198e-09 5.790087e-10
2.120000e-01 1.000000e+00 -9.821226e-10 1.000000e+00 -8.300451e-10 1.005742e-09
2.130000e-01 1.000000e+00 1.510893e-09 1.000000e+00 1.276938e-09 1.432475e-09
2.140000e-01 1.000000e+00 3.185286e-09 1.000000e+00 2.692058e-09 1.859208e-09
2.150000e-01 1.000000e+00 1.983810e-09 1.000000e+00 1.676625e-09 2.285941e-09

2.150000e-01 1.000000e+00 7.227978e-10 1.000000e+00 6.108757e-10 2.285941e-09
2.160000e-01 1.000000e+00 -3.890719e-09 1.000000e+00 -3.288258e-09 1.931519e-09
2.170000e-01 1.000000e+00 -2.637501e-09 1.000000e+00 -2.229095e-09 1.577097e-09
2.180000e-01 1.000000e+00 8.761378e-10 1.000000e+00 7.404716e-10 1.222675e-09
2.190000e-01 1.000000e+00 3.043881e-09 1.000000e+00 2.572549e-09 8.682529e-10
2.200000e-01 1.000000e+00 2.594121e-10 1.000000e+00 2.192433e-10 5.138309e-10

2.200000e-01 1.000000e+00 -1.507138e-09 1.000000e+00 -1.273764e-09 5.138309e-10
2.210000e-01 1.000000e+00 6.138214e-10 1.000000e+00 5.187738e-10 -2.489631e-09
2.220000e-01 1.000000e+00 1.804640e-09 1.000000e+00 1.525200e-09 -5.493093e-09
2.230000e-01 1.000000e+00 4.494173e-10 1.000000e+00 3.798269e-10 -8.496556e-09
2.240000e-01 1.000000e+00 -5.067750e-09 1.000000e+00 -4.283030e-09 -1.150002e-08
2.250000e-01 1.000000e+00 -1.636276e-08 1.000000e+00 -1.382906e-08 -1.450348e-08

2.250000e-01 1.000000e+00 -1.089461e-08 1.000000e+00 -9.207624e-09 -1.450348e-08
2.260000e-01 1.000000e+00 4.601709e-09 1.000000e+00 3.889154e-09 -1.218920e-08
2.270000e-01 1.000000e+00 1.137797e-08 1.000000e+00 9.616138e-09 -9.874929e-09
2.280000e-01 1.000000e+00 1.078103e-08 1.000000e+00 9.111633e-09 -7.560653e-09
2.290000e-01 1.000000e+00 4.157757e-09 1.000000e+00 3.513946e-09 -5.246377e-09
2.300000e-01 1.000000e+00 -7.144987e-09 1.000000e+00 -6.038617e-09 -2.932102e-09

2.300000e-01 1.000000e+00 5.306190e-09 1.000000e+00 4.484549e-09 -2.932102e-09
2.310000e-01 1.000000e+00 -3.576977e-08 1.000000e+00 -3.023097e-08 2.747491e-08
2.320000e-01 1.000000e+00 -3.138711e-08 1.000000e+00 -2.652695e-08 5.788191e-08
2.330000e-01 1.000000e+00 8.967330e-09 1.000000e+00 7.578777e-09 8.828892e-08
2.340000e-01 9.999999e-01 7.580675e-08 9.999999e-01 6.406840e-08 1.186959e-07
2.350000e-01 9.999998e-01 1.596443e-07 9.999998e-01 1.349241e-07 1.491029e-07

2.350000e-01 9.999998e-01 9.203845e-08 9.999999e-01 7.778669e-08 1.491029e-07
2.360000e-01 1.000000e+00 -9.132640e-08 1.000000e+00 -7.718490e-08 1.509610e-07
2.370000e-01 1.000000e+00 -1.018644e-07 1.000000e+00 -8.609112e-08 1.528190e-07
2.380000e-01 9.999999e-01 -1.285664e-08 1.000000e+00 -1.086584e-08 1.546770e-07
2.390000e-01 9.999999e-01 1.024157e-07 9.999999e-01 8.655710e-08 1.565350e-07
2.400000e-01 1.000000e+00 1.706715e-07 9.999998e-01 1.442438e-07 1.583930e-07

2.400000e-01 1.000001e+00 1.468366e-07 9.999998e-01 1.240996e-07 1.583930e-07
2.410000e-01 9.999990e-01 3.109418e-07 9.999996e-01 2.627937e-07 7.288976e-07
2.420000e-01 9.999994e-01 7.019818e-07 9.999992e-01 5.932830e-07 1.299402e-06
2.430000e-01 9.999998e-01 1.318249e-06 9.999984e-01 1.114124e-06 1.869907e-06
2.440000e-01 9.999979e-01 2.158040e-06 9.999974e-01 1.823877e-06 2.440411e-06
2.450000e-01 9.999918e-01 3.219660e-06 9.999962e-01 2.721104e-06 3.010916e-06

2.450000e-01 9.999871e-01 3.261769e-06 9.999961e-01 2.756685e-06 3.010916e-06
2.460000e-01 1.000003e+00 5.033083e-06 9.999940e-01 4.253750e-06 4.692784e-06
2.470000e-01 9.999977e-01 5.695497e-06 9.999924e-01 4.813586e-06 6.374652e-06
2.480000e-01 9.999879e-01 6.744545e-06 9.999902e-01 5.700175e-06 8.056519e-06
2.490000e-01 9.999905e-01 9.675708e-06 9.999864e-01 8.177483e-06 9.738387e-06
2.500000e-01 1.000022e+00 1.598416e-05 9.999799e-01 1.350937e-05 1.142026e-05

2.500000e-01 1.000062e+00 7.923630e-06 9.999911e-01 6.696928e-06 1.142026e-05
2.510002e-01 9.999367e-01 1.565124e-04 9.998153e-01 1.322851e-04 2.303842e-04
2.520004e-01 9.998111e-01 3.051385e-04 9.996395e-01 2.579112e-04 4.493481e-04
2.530006e-01 9.996854e-01 4.538019e-04 9.994636e-01 3.835752e-04 6.683120e-04
2.540008e-01 9.995598e-01 6.025027e-04 9.992878e-01 5.092770e-04 8.872759e-04
2.550010e-01 9.994342e-01 7.512409e-04 9.991119e-01 6.350168e-04 1.106240e-03

2.550010e-01 9.993950e-01 1.588939e-03 9.981237e-01 1.343754e-03 1.106240e-03
2.560045e-01 9.980730e-01 2.043742e-03 9.975831e-01 1.727701e-03 2.686941e-03
2.570079e-01 9.967511e-01 3.069338e-03 9.963734e-01 2.594556e-03 4.267641e-03
2.580113e-01 9.954291e-01 4.649100e-03 9.945138e-01 3.931014e-03 5.848342e-03
2.590148e-01 9.941072e-01 6.766307e-03 9.920231e-01 5.724577e-03 7.429042e-03
2.600182e-01 9.927852e-01 9.404153e-03 9.889197e-01 7.963478e-03 9.009743e-03

2.600182e-01 9.923191e-01 9.176205e-03 9.891450e-01 7.767741e-03 9.009743e-03
2.610314e-01 9.900294e-01 1.195717e-02 9.859626e-01 1.012648e-02 1.176141e-02
2.620446e-01 9.877397e-01 1.462848e-02 9.827778e-01 1.239449e-02 1.451308e-02
2.630578e-01 9.854500e-01 1.729751e-02 9.795903e-01 1.466273e-02 1.726474e-02
2.640710e-01 9.831604e-01 2.007266e-02 9.763992e-01 1.702313e-02 2.001641e-02
2.650842e-01 9.808707e-01 2.306331e-02 9.732032e-01 1.956869e-02 2.276808e-02

2.650842e-01 9.803521e-01 2.350576e-02 9.725237e-01 1.994579e-02 2.276808e-02
2.661111e-01 9.775350e-01 2.688178e-02 9.686312e-01 2.282343e-02 2.627917e-02
2.671380e-01 9.747179e-01 3.017816e-02 9.647354e-01 2.563682e-02 2.979026e-02
2.681648e-01 9.719008e-01 3.351395e-02 9.608350e-01 2.848710e-02 3.330135e-02
2.691917e-01 9.690837e-01 3.700958e-02 9.569283e-01 3.147684e-02 3.681245e-02
2.702186e-01 9.662666e-01 4.078689e-02 9.530127e-01 3.471008e-02 4.032354e-02

2.702186e-01 9.660397e-01 4.078333e-02 9.526966e-01 3.470874e-02 4.032354e-02
2.712616e-01 9.629413e-01 4.455453e-02 9.484355e-01 3.794231e-02 4.413095e-02
2.723046e-01 9.598429e-01 4.830886e-02 9.441978e-01 4.116530e-02 4.793837e-02
2.733476e-01 9.567445e-01 5.208148e-02 9.399523e-01 4.440833e-02 5.174578e-02
2.743906e-01 9.536462e-01 5.590801e-02 9.356670e-01 4.770270e-02 5.555320e-02
2.754336e-01 9.505478e-01 5.982451e-02 9.313102e-01 5.108048e-02 5.936061e-02

2.754336e-01 9.504469e-01 5.986592e-02 9.312694e-01 5.111424e-02 5.936061e-02
2.764947e-01 9.471933e-01 6.385006e-02 9.268335e-01 5.455263e-02 6.340295e-02
2.775558e-01 9.439397e-01 6.785783e-02 9.223917e-01 5.801635e-02 6.744529e-02
2.786169e-01 9.406861e-01 7.189254e-02 9.179438e-01 6.150836e-02 7.148763e-02
2.796780e-01 9.374325e-01 7.595752e-02 9.134896e-01 6.503168e-02 7.552997e-02
2.807391e-01 9.341789e-01 8.005618e-02 9.090291e-01 6.858940e-02 7.957231e-02

2.807391e-01 9.341434e-01 8.006178e-02 9.090193e-01 6.859326e-02 7.957231e-02
2.818190e-01 9.307818e-01 8.424775e-02 9.044644e-01 7.223081e-02 8.379155e-02
2.828989e-01 9.274265e-01 8.845514e-02 8.999060e-01 7.589274e-02 8.801080e-02
2.839788e-01 9.240740e-01 9.267913e-02 8.953499e-01 7.957468e-02 9.223004e-02
2.850586e-01 9.207208e-01 9.691487e-02 8.908016e-01 8.327217e-02 9.644929e-02
2.861385e-01 9.173637e-01 1.011575e-01 8.862666e-01 8.698065e-02 1.006685e-01

2.861385e-01 9.173604e-01 1.011566e-01 8.862700e-01 8.697956e-02 1.006685e-01
2.872384e-01 9.139475e-01 1.054596e-01 8.817014e-01 9.074486e-02 1.050177e-01
2.883383e-01 9.105264e-01 1.098086e-01 8.770898e-01 9.455760e-02 1.093668e-01
2.894382e-01 9.071079e-01 1.141809e-01 8.724704e-01 9.839737e-02 1.137159e-01
2.905381e-01 9.037032e-01 1.185534e-01 8.678786e-01 1.022430e-01 1.180650e-01
2.916379e-01 9.003232e-01 1.229026e-01 8.633500e-01 1.060725e-01 1.224141e-01

2.916379e-01 9.003560e-01 1.229007e-01 8.633585e-01 1.060723e-01 1.224141e-01
2.927595e-01 8.968937e-01 1.273098e-01 8.587430e-01 1.099605e-01 1.268872e-01
2.938810e-01 8.934314e-01 1.317878e-01 8.541187e-01 1.139155e-01 1.313603e-01
2.950026e-01 8.899691e-01 1.362996e-01 8.494874e-01 1.179070e-01 1.358334e-01
2.961241e-01 8.865069e-01 1.408092e-01 8.448505e-01 1.219041e-01 1.403064e-01
2.972457e-01 8.830446e-01 1.452802e-01 8.402103e-01 1.258751e-01 1.447795e-01

2.972457e-01 8.831043e-01 1.452681e-01 8.402860e-01 1.258631e-01 1.447795e-01
2.983889e-01 8.796179e-01 1.498013e-01 8.356740e-01 1.298914e-01 1.493785e-01
2.995322e-01 8.761129e-01 1.543838e-01 8.310308e-01 1.339705e-01 1.539775e-01
3.006755e-01 8.726042e-01 1.590028e-01 8.263754e-01 1.380896e-01 1.585765e-01
3.018188e-01 8.691069e-01 1.636456e-01 8.217270e-01 1.422372e-01 1.631756e-01
3.029620e-01 8.656359e-01 1.682984e-01 8.171047e-01 1.464013e-01 1.677746e-01

3.029620e-01 8.656975e-01 1.682253e-01 8.171774e-01 1.463364e-01 1.677746e-01
3.041286e-01 8.621855e-01 1.728644e-01 8.125420e-01 1.504939e-01 1.724820e-01
3.052952e-01 8.586225e-01 1.775691e-01 8.078978e-01 1.547128e-01 1.771894e-01
3.064618e-01 8.550587e-01 1.823154e-01 8.032458e-01 1.589766e-01 1.818969e-01
3.076284e-01 8.515446e-01 1.870778e-01 7.985872e-01 1.632679e-01 1.866043e-01
3.087950e-01 8.481305e-01 1.918290e-01 7.939233e-01 1.675684e-01 1.913118e-01

3.087950e-01 8.481298e-01 1.917659e-01 7.940326e-01 1.675017e-01 1.913118e-01
3.099863e-01 8.445665e-01 1.965267e-01 7.894119e-01 1.717998e-01 1.961405e-01
3.111775e-01 8.410031e-01 2.013432e-01 7.847613e-01 1.761583e-01 2.009692e-01
3.123688e-01 8.374397e-01 2.062022e-01 7.800993e-01 1.805640e-01 2.057980e-01
3.135600e-01 8.338764e-01 2.110900e-01 7.754443e-01 1.850031e-01 2.106267e-01
3.147512e-01 8.303130e-01 2.159927e-01 7.708150e-01 1.894615e-01 2.154555e-01

3.147512e-01 8.304081e-01 2.158941e-01 7.709103e-01 1.893741e-01 2.154555e-01
3.159683e-01 8.268395e-01 2.207674e-01 7.662785e-01 1.938153e-01 2.204002e-01
3.171853e-01 8.232346e-01 2.257183e-01 7.616366e-01 1.983310e-01 2.253449e-01
3.184023e-01 8.196244e-01 2.307132e-01 7.569866e-01 2.028952e-01 2.302897e-01
3.196193e-01 8.160398e-01 2.357172e-01 7.523307e-01 2.074811e-01 2.352344e-01
3.208363e-01 8.125119e-01 2.406940e-01 7.476715e-01 2.120610e-01 2.401791e-01

3.208363e-01 8.125630e-01 2.406303e-01 7.478000e-01 2.119933e-01 2.401791e-01
3.220806e-01 8.089675e-01 2.456192e-01 7.431759e-01 2.165798e-01 2.452484e-01
3.233248e-01 8.053288e-01 2.507036e-01 7.385400e-01 2.212566e-01 2.503176e-01
3.245691e-01 8.016865e-01 2.558347e-01 7.338958e-01 2.259854e-01 2.553869e-01
3.258134e-01 7.980800e-01 2.609615e-01 7.292468e-01 2.307270e-01 2.604561e-01
3.270576e-01 7.945489e-01 2.660315e-01 7.245970e-01 2.354404e-01 2.655254e-01

3.270576e-01 7.945732e-01 2.659871e-01 7.247159e-01 2.353855e-01 2.655254e-01
3.283300e-01 7.909284e-01 2.711201e-01 7.201001e-01 2.401430e-01 2.707322e-01
3.296024e-01 7.872836e-01 2.763123e-01 7.154748e-01 2.449654e-01 2.759391e-01
3.308748e-01 7.836388e-01 2.815517e-01 7.108411e-01 2.498423e-01 2.811459e-01
3.321473e-01 7.799939e-01 2.868261e-01 7.061999e-01 2.547631e-01 2.863528e-01
3.334197e-01 7.763491e-01 2.921229e-01 7.015524e-01 2.597168e-01 2.915596e-01

3.334197e-01 7.764624e-01 2.919737e-01 7.016848e-01 2.595786e-01 2.915596e-01
3.347230e-01 7.727812e-01 2.972400e-01 6.970768e-01 2.645033e-01 2.968914e-01
3.360263e-01 7.690998e-01 3.026120e-01 6.924549e-01 2.695366e-01 3.022231e-01
3.373297e-01 7.654232e-01 3.080247e-01 6.878250e-01 2.746208e-01 3.075548e-01
3.386330e-01 7.617563e-01 3.134114e-01 6.831933e-01 2.796965e-01 3.128866e-01
3.399363e-01 7.581038e-01 3.187041e-01 6.785665e-01 2.847028e-01 3.182183e-01

3.399363e-01 7.581790e-01 3.186842e-01 6.786945e-01 2.846723e-01 3.182183e-01
3.412711e-01 7.545161e-01 3.240825e-01 6.740981e-01 2.897772e-01 3.237056e-01
3.426058e-01 7.507767e-01 3.295815e-01 6.694897e-01 2.949730e-01 3.291928e-01
3.439405e-01 7.470337e-01 3.351312e-01 6.648726e-01 3.002284e-01 3.346800e-01
3.452752e-01 7.433601e-01 3.406785e-01 6.602506e-01 3.055103e-01 3.401673e-01
3.466100e-01 7.398288e-01 3.461668e-01 6.556276e-01 3.107838e-01 3.456545e-01

3.466100e-01 7.398138e-01 3.461093e-01 6.557614e-01 3.106974e-01 3.456545e-01
3.479787e-01 7.360865e-01 3.516405e-01 6.511922e-01 3.159692e-01 3.512923e-01
3.493474e-01 7.323592e-01 3.572673e-01 6.465897e-01 3.213489e-01 3.569300e-01
3.507162e-01 7.286319e-01 3.629566e-01 6.419748e-01 3.268028e-01 3.625677e-01
3.520849e-01 7.249045e-01 3.686748e-01 6.373685e-01 3.322956e-01 3.682055e-01
3.534537e-01 7.211772e-01 3.743875e-01 6.327921e-01 3.377908e-01 3.738432e-01

3.534537e-01 7.212969e-01 3.742570e-01 6.329130e-01 3.376688e-01 3.738432e-01
3.548578e-01 7.175524e-01 3.799464e-01 6.283467e-01 3.431511e-01 3.796304e-01
3.562620e-01 7.137924e-01 3.857429e-01 6.237662e-01 3.487458e-01 3.854175e-01
3.576662e-01 7.100312e-01 3.916002e-01 6.191762e-01 3.544137e-01 3.912046e-01
3.590704e-01 7.062827e-01 3.974701e-01 6.145815e-01 3.601140e-01 3.969918e-01
3.604745e-01 7.025612e-01 4.033032e-01 6.099873e-01 3.658047e-01 4.027789e-01

3.604745e-01 7.026504e-01 4.032006e-01 6.101290e-01 3.656924e-01 4.027789e-01
3.619169e-01 6.988847e-01 4.090611e-01 6.055948e-01 3.713948e-01 4.087425e-01
3.633593e-01 6.950957e-01 4.150082e-01 6.010233e-01 3.771979e-01 4.147062e-01
3.648017e-01 6.913026e-01 4.210212e-01 5.964368e-01 3.830821e-01 4.206698e-01
3.662440e-01 6.875244e-01 4.270784e-01 5.918577e-01 3.890263e-01 4.266334e-01
3.676864e-01 6.837800e-01 4.331567e-01 5.873086e-01 3.950081e-01 4.325970e-01

3.676864e-01 6.838920e-01 4.329755e-01 5.874375e-01 3.948319e-01 4.325970e-01
3.691691e-01 6.800922e-01 4.390010e-01 5.829118e-01 4.007596e-01 4.387265e-01
3.706518e-01 6.762755e-01 4.451308e-01 5.783559e-01 4.068065e-01 4.448560e-01
3.721345e-01 6.724573e-01 4.513300e-01 5.737888e-01 4.129396e-01 4.509855e-01
3.736172e-01 6.686528e-01 4.575623e-01 5.692295e-01 4.191243e-01 4.571150e-01
3.750999e-01 6.648771e-01 4.637897e-01 5.646972e-01 4.253240e-01 4.632445e-01

3.750999e-01 6.649940e-01 4.636255e-01 5.648346e-01 4.251591e-01 4.632445e-01
3.766254e-01 6.611758e-01 4.698015e-01 5.603235e-01 4.313099e-01 4.695487e-01
3.781509e-01 6.573137e-01 4.761421e-01 5.557927e-01 4.376254e-01 4.758529e-01
3.796764e-01 6.534512e-01 4.825612e-01 5.512507e-01 4.440383e-01 4.821571e-01
3.812019e-01 6.496316e-01 4.889691e-01 5.467068e-01 4.504782e-01 4.884613e-01
3.827274e-01 6.458986e-01 4.952724e-01 5.421710e-01 4.568715e-01 4.947655e-01

3.827274e-01 6.459558e-01 4.951864e-01 5.423425e-01 4.567402e-01 4.947655e-01
3.842986e-01 6.421077e-01 5.015850e-01 5.378517e-01 4.631836e-01 5.012877e-01
3.858699e-01 6.382384e-01 5.080814e-01 5.333487e-01 4.697374e-01 5.078099e-01
3.874412e-01 6.343661e-01 5.146554e-01 5.288351e-01 4.763897e-01 5.143321e-01
3.890124e-01 6.305087e-01 5.212858e-01 5.243128e-01 4.831280e-01 5.208544e-01
3.905837e-01 6.266845e-01 5.279499e-01 5.197838e-01 4.899387e-01 5.273766e-01

3.905837e-01 6.268215e-01 5.277201e-01 5.199723e-01 4.896902e-01 5.273766e-01
3.922037e-01 6.229553e-01 5.342892e-01 5.155145e-01 4.963869e-01 5.340805e-01
3.938237e-01 6.190495e-01 5.410134e-01 5.110246e-01 5.032523e-01 5.407845e-01
3.954437e-01 6.151398e-01 5.478260e-01 5.065234e-01 5.102298e-01 5.474884e-01
3.970636e-01 6.112618e-01 5.546568e-01 5.020321e-01 5.172591e-01 5.541923e-01
3.986836e-01 6.074512e-01 5.614321e-01 4.975724e-01 5.242769e-01 5.608962e-01

3.986836e-01 6.075544e-01 5.612627e-01 4.977240e-01 5.240835e-01 5.608962e-01
4.003564e-01 6.036657e-01 5.680386e-01 4.933181e-01 5.310661e-01 5.678189e-01
4.020291e-01 5.997335e-01 5.749755e-01 4.888491e-01 5.382414e-01 5.747417e-01
4.037019e-01 5.957973e-01 5.820066e-01 4.843623e-01 5.455418e-01 5.816644e-01
4.053746e-01 5.918962e-01 5.890613e-01 4.799032e-01 5.528947e-01 5.885871e-01
4.070474e-01 5.880695e-01 5.960651e-01 4.755179e-01 5.602226e-01 5.955098e-01

4.070474e-01 5.882005e-01 5.958464e-01 4.756407e-01 5.600071e-01 5.955098e-01
4.087762e-01 5.842681e-01 6.028648e-01 4.712416e-01 5.673358e-01 6.026542e-01
4.105050e-01 5.803357e-01 6.099783e-01 4.668309e-01 5.747914e-01 6.097986e-01
4.122337e-01 5.764033e-01 6.171889e-01 4.624082e-01 5.823775e-01 6.169430e-01
4.139625e-01 5.724709e-01 6.244986e-01 4.579734e-01 5.900978e-01 6.240874e-01
4.156913e-01 5.685384e-01 6.319093e-01 4.535262e-01 5.979563e-01 6.312318e-01

4.156913e-01 5.687225e-01 6.315407e-01 4.537468e-01 5.975589e-01 6.312318e-01
4.174800e-01 5.647727e-01 6.387668e-01 4.494031e-01 6.051975e-01 6.386016e-01
4.192687e-01 5.608230e-01 6.461115e-01 4.450253e-01 6.130050e-01 6.459714e-01
4.210574e-01 5.568732e-01 6.535630e-01 4.406325e-01 6.209596e-01 6.533413e-01
4.228461e-01 5.529235e-01 6.611090e-01 4.362439e-01 6.290380e-01 6.607111e-01
4.246347e-01 5.489737e-01 6.687369e-01 4.318785e-01 6.372154e-01 6.680809e-01

4.246347e-01 5.491901e-01 6.683687e-01 4.320872e-01 6.368362e-01 6.680809e-01
4.264889e-01 5.452354e-01 6.758030e-01 4.278009e-01 6.448033e-01 6.756585e-01
4.283430e-01 5.412806e-01 6.833790e-01 4.234779e-01 6.529704e-01 6.832361e-01
4.301971e-01 5.373259e-01 6.910666e-01 4.191399e-01 6.612951e-01 6.908137e-01
4.320513e-01 5.333712e-01 6.988348e-01 4.148089e-01 6.697323e-01 6.983913e-01
4.339054e-01 5.294165e-01 7.066517e-01 4.105070e-01 6.782344e-01 7.059689e-01

4.339054e-01 5.296261e-01 7.062356e-01 4.106979e-01 6.778117e-01 7.059689e-01
4.358308e-01 5.256830e-01 7.138777e-01 4.064735e-01 6.861287e-01 7.137745e-01
4.377561e-01 5.217398e-01 7.216352e-01 4.022367e-01 6.946081e-01 7.215801e-01
4.396815e-01 5.177967e-01 7.295110e-01 3.979871e-01 7.032552e-01 7.293856e-01
4.416069e-01 5.138535e-01 7.375076e-01 3.937245e-01 7.120753e-01 7.371912e-01
4.435322e-01 5.099104e-01 7.456278e-01 3.894485e-01 7.210742e-01 7.449968e-01

4.435322e-01 5.101117e-01 7.452647e-01 3.897438e-01 7.205922e-01 7.449968e-01
4.455291e-01 5.062697e-01 7.529629e-01 3.856394e-01 7.291381e-01 7.528896e-01
4.475260e-01 5.023364e-01 7.609170e-01 3.815123e-01 7.379319e-01 7.607825e-01
4.495229e-01 4.983938e-01 7.690111e-01 3.773712e-01 7.469138e-01 7.686753e-01
4.515198e-01 4.945235e-01 7.771206e-01 3.732256e-01 7.560181e-01 7.765682e-01
4.535167e-01 4.908072e-01 7.851116e-01 3.690857e-01 7.651723e-01 7.844610e-01

4.535167e-01 4.909795e-01 7.846099e-01 3.693202e-01 7.645747e-01 7.844610e-01
4.555946e-01 4.871910e-01 7.924064e-01 3.653850e-01 7.733181e-01 7.923898e-01
4.576725e-01 4.834024e-01 8.003250e-01 3.614378e-01 7.822400e-01 8.003187e-01
4.597504e-01 4.796139e-01 8.083688e-01 3.574783e-01 7.913463e-01 8.082475e-01
4.618283e-01 4.758254e-01 8.165407e-01 3.535061e-01 8.006434e-01 8.161764e-01
4.639062e-01 4.720369e-01 8.248437e-01 3.495211e-01 8.101379e-01 8.241052e-01

4.639062e-01 4.723838e-01 8.242026e-01 3.499708e-01 8.092851e-01 8.241052e-01
4.660620e-01 4.688924e-01 8.316291e-01 3.463691e-01 8.177728e-01 8.316363e-01
4.682177e-01 4.653531e-01 8.392535e-01 3.427502e-01 8.264785e-01 8.391674e-01
4.703734e-01 4.618066e-01 8.470078e-01 3.391193e-01 8.353668e-01 8.466986e-01
4.725292e-01 4.582936e-01 8.548196e-01 3.354819e-01 8.443991e-01 8.542297e-01
4.746849e-01 4.548550e-01 8.626111e-01 3.318443e-01 8.535330e-01 8.617608e-01

4.746849e-01 4.553217e-01 8.614819e-01 3.323098e-01 8.522552e-01 8.617608e-01
4.769208e-01 4.523435e-01 8.680071e-01 3.293022e-01 8.597974e-01 8.681834e-01
4.791567e-01 4.493654e-01 8.746188e-01 3.262867e-01 8.674708e-01 8.746061e-01
4.813926e-01 4.463872e-01 8.813187e-01 3.232633e-01 8.752793e-01 8.810287e-01
4.836286e-01 4.434091e-01 8.881086e-01 3.202317e-01 8.832267e-01 8.874513e-01
4.858645e-01 4.404310e-01 8.949903e-01 3.171919e-01 8.913171e-01 8.938739e-01

4.858645e-01 4.411474e-01 8.932996e-01 3.180047e-01 8.892179e-01 8.938739e-01
4.881599e-01 4.391868e-01 8.977409e-01 3.159721e-01 8.945142e-01 8.981485e-01
4.904553e-01 4.370798e-01 9.025242e-01 3.139122e-01 9.000592e-01 9.024231e-01
4.927508e-01 4.349585e-01 9.073837e-01 3.118459e-01 9.056926e-01 9.066976e-01
4.950462e-01 4.329550e-01 9.120425e-01 3.097951e-01 9.112451e-01 9.109722e-01
4.973417e-01 4.312014e-01 9.162135e-01 3.077825e-01 9.165387e-01 9.152468e-01

4.973417e-01 4.318904e-01 9.143551e-01 3.086602e-01 9.141076e-01 9.152468e-01
4.996729e-01 4.309813e-01 9.164517e-01 3.077541e-01 9.165853e-01 9.170187e-01
5.020041e-01 4.300722e-01 9.185572e-01 3.068471e-01 9.190769e-01 9.187905e-01
5.043353e-01 4.291631e-01 9.206716e-01 3.059395e-01 9.215825e-01 9.205624e-01
5.066665e-01 4.282540e-01 9.227950e-01 3.050310e-01 9.241021e-01 9.223343e-01
5.089977e-01 4.273449e-01 9.249275e-01 3.041218e-01 9.266360e-01 9.241062e-01

5.089977e-01 4.280353e-01 9.233471e-01 3.048709e-01 9.246616e-01 9.241062e-01
5.113385e-01 4.277722e-01 9.239809e-01 3.045990e-01 9.254246e-01 9.245658e-01
5.136793e-01 4.274672e-01 9.246971e-01 3.043024e-01 9.262628e-01 9.250254e-01
5.160201e-01 4.271563e-01 9.254225e-01 3.040015e-01 9.271108e-01 9.254851e-01
5.183609e-01 4.268755e-01 9.260837e-01 3.037169e-01 9.279025e-01 9.259447e-01
5.207016e-01 4.266609e-01 9.266066e-01 3.034693e-01 9.285716e-01 9.264043e-01

5.207016e-01 4.268659e-01 9.261497e-01 3.036722e-01 9.280265e-01 9.264043e-01
5.230473e-01 4.267655e-01 9.263831e-01 3.035779e-01 9.282954e-01 9.265336e-01
5.253929e-01 4.266373e-01 9.266772e-01 3.034788e-01 9.286021e-01 9.266630e-01
5.277386e-01 4.265210e-01 9.269454e-01 3.033818e-01 9.288928e-01 9.267923e-01
5.300842e-01 4.264567e-01 9.271009e-01 3.032937e-01 9.291135e-01 9.269216e-01
5.324299e-01 4.264841e-01 9.270568e-01 3.032213e-01 9.292100e-01 9.270509e-01

5.324299e-01 4.264417e-01 9.270557e-01 3.032507e-01 9.291177e-01 9.270509e-01
5.347763e-01 4.263503e-01 9.272546e-01 3.032215e-01 9.292623e-01 9.271183e-01
5.371228e-01 4.263230e-01 9.273143e-01 3.032032e-01 9.293203e-01 9.271856e-01
5.394693e-01 4.263255e-01 9.273091e-01 3.031902e-01 9.293378e-01 9.272530e-01
5.418157e-01 4.263238e-01 9.273132e-01 3.031763e-01 9.293612e-01 9.273203e-01
5.441622e-01 4.262837e-01 9.274008e-01 3.031559e-01 9.294366e-01 9.273876e-01

5.441622e-01 4.263065e-01 9.273823e-01 3.031425e-01 9.294634e-01 9.273876e-01
5.465093e-01 4.262621e-01 9.273608e-01 3.031459e-01 9.293884e-01 9.273870e-01
5.488564e-01 4.262388e-01 9.273625e-01 3.031420e-01 9.293706e-01 9.273864e-01
5.512035e-01 4.262279e-01 9.273753e-01 3.031342e-01 9.293836e-01 9.273858e-01
5.535506e-01 4.262207e-01 9.273876e-01 3.031259e-01 9.294008e-01 9.273852e-01
5.558977e-01 4.262085e-01 9.273874e-01 3.031204e-01 9.293957e-01 9.273846e-01

5.558977e-01 4.261995e-01 9.273850e-01 3.031207e-01 9.293830e-01 9.273846e-01
5.582449e-01 4.261837e-01 9.273978e-01 3.031206e-01 9.293787e-01 9.273894e-01
5.605921e-01 4.261869e-01 9.273929e-01 3.031208e-01 9.293771e-01 9.273941e-01
5.629394e-01 4.261942e-01 9.273842e-01 3.031209e-01 9.293761e-01 9.273989e-01
5.652866e-01 4.261909e-01 9.273850e-01 3.031206e-01 9.293737e-01 9.274036e-01
5.676339e-01 4.261621e-01 9.274091e-01 3.031197e-01 9.293679e-01 9.274084e-01

5.676339e-01 4.261704e-01 9.274065e-01 3.031223e-01 9.293704e-01 9.274084e-01
5.699814e-01 4.261411e-01 9.273966e-01 3.031216e-01 9.293294e-01 9.274097e-01
5.723290e-01 4.261135e-01 9.273977e-01 3.031190e-01 9.293045e-01 9.274111e-01
5.746766e-01 4.260827e-01 9.274046e-01 3.031162e-01 9.292822e-01 9.274124e-01
5.770242e-01 4.260440e-01 9.274120e-01 3.031151e-01 9.292490e-01 9.274138e-01
5.793718e-01 4.259924e-01 9.274146e-01 3.031176e-01 9.291915e-01 9.274151e-01

5.793718e-01 4.259930e-01 9.274148e-01 3.031188e-01 9.291906e-01 9.274151e-01
5.817193e-01 4.259959e-01 9.274167e-01 3.031172e-01 9.291982e-01 9.274151e-01
5.840669e-01 4.259967e-01 9.274198e-01 3.031165e-01 9.292032e-01 9.274151e-01
5.864145e-01 4.259958e-01 9.274218e-01 3.031168e-01 9.292036e-01 9.274150e-01
5.887621e-01 4.259931e-01 9.274206e-01 3.031181e-01 9.291977e-01 9.274150e-01
5.911096e-01 4.259890e-01 9.274141e-01 3.031202e-01 9.291834e-01 9.274150e-01

5.911096e-01 4.259882e-01 9.274165e-01 3.031178e-01 9.291885e-01 9.274150e-01
5.934580e-01 4.259429e-01 9.274201e-01 3.031186e-01 9.291415e-01 9.274157e-01
5.958063e-01 4.259031e-01 9.274194e-01 3.031193e-01 9.290964e-01 9.274165e-01
5.981546e-01 4.258602e-01 9.274166e-01 3.031197e-01 9.290462e-01 9.274173e-01
6.005030e-01 4.258053e-01 9.274143e-01 3.031199e-01 9.289837e-01 9.274181e-01
6.028513e-01 4.257297e-01 9.274145e-01 3.031196e-01 9.289019e-01 9.274188e-01

6.028513e-01 4.257227e-01 9.274220e-01 3.031243e-01 9.288946e-01 9.274188e-01
6.051998e-01 4.256831e-01 9.274709e-01 3.031195e-01 9.289076e-01 9.274276e-01
6.075484e-01 4.256487e-01 9.274817e-01 3.031187e-01 9.288822e-01 9.274363e-01
6.098969e-01 4.256171e-01 9.274721e-01 3.031199e-01 9.288362e-01 9.274450e-01
6.122454e-01 4.255856e-01 9.274598e-01 3.031213e-01 9.287873e-01 9.274538e-01
6.145939e-01 4.255517e-01 9.274624e-01 3.031210e-01 9.287535e-01 9.274625e-01

6.145939e-01 4.255538e-01 9.274633e-01 3.031231e-01 9.287534e-01 9.274625e-01
6.169430e-01 4.254133e-01 9.274568e-01 3.031169e-01 9.286031e-01 9.274599e-01
6.192920e-01 4.252668e-01 9.274533e-01 3.031151e-01 9.284425e-01 9.274573e-01
6.216411e-01 4.251230e-01 9.274516e-01 3.031161e-01 9.282823e-01 9.274548e-01
6.239902e-01 4.249906e-01 9.274506e-01 3.031182e-01 9.281333e-01 9.274522e-01
6.263392e-01 4.248784e-01 9.274488e-01 3.031200e-01 9.280063e-01 9.274496e-01

6.263392e-01 4.248794e-01 9.274518e-01 3.031174e-01 9.280143e-01 9.274496e-01
6.286883e-01 4.247748e-01 9.274382e-01 3.031160e-01 9.278887e-01 9.274500e-01
6.310373e-01 4.246541e-01 9.274351e-01 3.031163e-01 9.277533e-01 9.274504e-01
6.333864e-01 4.245281e-01 9.274392e-01 3.031168e-01 9.276191e-01 9.274508e-01
6.357354e-01 4.244080e-01 9.274469e-01 3.031158e-01 9.274970e-01 9.274512e-01
6.380845e-01 4.243046e-01 9.274548e-01 3.031119e-01 9.273979e-01 9.274516e-01

6.380845e-01 4.243014e-01 9.274492e-01 3.031088e-01 9.273935e-01 9.274516e-01
6.404313e-01 4.239229e-01 9.274566e-01 3.031128e-01 9.269811e-01 9.274505e-01
6.427782e-01 4.235736e-01 9.274591e-01 3.031124e-01 9.266022e-01 9.274493e-01
6.451251e-01 4.232355e-01 9.274573e-01 3.031108e-01 9.262330e-01 9.274482e-01
6.474719e-01 4.228908e-01 9.274515e-01 3.031110e-01 9.258497e-01 9.274471e-01
6.498188e-01 4.225217e-01 9.274422e-01 3.031159e-01 9.254286e-01 9.274460e-01

6.498188e-01 4.225224e-01 9.274495e-01 3.031188e-01 9.254323e-01 9.274460e-01
6.521526e-01 4.220808e-01 9.274549e-01 3.031137e-01 9.249618e-01 9.274507e-01
6.544863e-01 4.216195e-01 9.274499e-01 3.031137e-01 9.244512e-01 9.274553e-01
6.568201e-01 4.211472e-01 9.274448e-01 3.031156e-01 9.239254e-01 9.274600e-01
6.591538e-01 4.206726e-01 9.274502e-01 3.031162e-01 9.234091e-01 9.274647e-01
6.614876e-01 4.202043e-01 9.274768e-01 3.031124e-01 9.229271e-01 9.274694e-01

6.614876e-01 4.202062e-01 9.274609e-01 3.031123e-01 9.229136e-01 9.274694e-01
6.637547e-01 4.191007e-01 9.274681e-01 3.031222e-01 9.216908e-01 9.274678e-01
6.660219e-01 4.179976e-01 9.274735e-01 3.031239e-01 9.204799e-01 9.274662e-01
6.682890e-01 4.168897e-01 9.274755e-01 3.031215e-01 9.192648e-01 9.274646e-01
6.705562e-01 4.157703e-01 9.274722e-01 3.031194e-01 9.180296e-01 9.274630e-01
6.728234e-01 4.146322e-01 9.274619e-01 3.031220e-01 9.167583e-01 9.274613e-01

6.728234e-01 4.146324e-01 9.274585e-01 3.031217e-01 9.167556e-01 9.274613e-01
6.743989e-01 4.127185e-01 9.274686e-01 3.031270e-01 9.146393e-01 9.274624e-01
6.759744e-01 4.108647e-01 9.274743e-01 3.031286e-01 9.125861e-01 9.274635e-01
6.775499e-01 4.090360e-01 9.274756e-01 3.031279e-01 9.105552e-01 9.274645e-01
6.791254e-01 4.071977e-01 9.274728e-01 3.031270e-01 9.085054e-01 9.274656e-01
6.807009e-01 4.053149e-01 9.274661e-01 3.031275e-01 9.063953e-01 9.274667e-01

6.807009e-01 4.053130e-01 9.274668e-01 3.031258e-01 9.063964e-01 9.274667e-01
6.817958e-01 3.990419e-01 9.274730e-01 3.031280e-01 8.993598e-01 9.274682e-01
6.828907e-01 3.927874e-01 9.274767e-01 3.031281e-01 8.922873e-01 9.274698e-01
6.839856e-01 3.865390e-01 9.274781e-01 3.031276e-01 8.851637e-01 9.274714e-01
6.850805e-01 3.802861e-01 9.274774e-01 3.031280e-01 8.779738e-01 9.274729e-01
6.861755e-01 3.740181e-01 9.274748e-01 3.031308e-01 8.707016e-01 9.274745e-01

6.861755e-01 3.740181e-01 9.274721e-01 3.031288e-01 8.707019e-01 9.274745e-01
6.869363e-01 3.516540e-01 9.274764e-01 3.031330e-01 8.442675e-01 9.274743e-01
6.876972e-01 3.293252e-01 9.274812e-01 3.031331e-01 8.170281e-01 9.274741e-01
6.884581e-01 3.070117e-01 9.274841e-01 3.031315e-01 7.888680e-01 9.274739e-01
6.892190e-01 2.846933e-01 9.274820e-01 3.031308e-01 7.596527e-01 9.274737e-01
6.899799e-01 2.623501e-01 9.274709e-01 3.031333e-01 7.292225e-01 9.274735e-01

6.899799e-01 2.623465e-01 9.274838e-01 3.031297e-01 7.292321e-01 9.274735e-01
6.905087e-01 2.623548e-01 9.274751e-01 3.031314e-01 7.292346e-01 9.274750e-01
6.910374e-01 2.623538e-01 9.274727e-01 3.031311e-01 7.292316e-01 9.274765e-01
6.915662e-01 2.623503e-01 9.274740e-01 3.031303e-01 7.292288e-01 9.274779e-01
6.920950e-01 2.623513e-01 9.274764e-01 3.031302e-01 7.292322e-01 9.274794e-01
6.926238e-01 2.623636e-01 9.274772e-01 3.031322e-01 7.292475e-01 9.274809e-01

6.926238e-01 2.623651e-01 9.274933e-01 3.031315e-01 7.292631e-01 9.274809e-01
6.931032e-01 2.624810e-01 9.274786e-01 3.031339e-01 7.294097e-01 9.274821e-01
6.935825e-01 2.625933e-01 9.274765e-01 3.031342e-01 7.295637e-01 9.274833e-01
6.940619e-01 2.627042e-01 9.274794e-01 3.031337e-01 7.297207e-01 9.274845e-01
6.945413e-01 2.628158e-01 9.274798e-01 3.031334e-01 7.298763e-01 9.274857e-01
6.950206e-01 2.629303e-01 9.274700e-01 3.031346e-01 7.300260e-01 9.274869e-01

6.950206e-01 2.629391e-01 9.274577e-01 3.031350e-01 7.300281e-01 9.274869e-01
6.954948e-01 2.635227e-01 9.274894e-01 3.031306e-01 7.308682e-01 9.274856e-01
6.959690e-01 2.641064e-01 9.274950e-01 3.031299e-01 7.316824e-01 9.274843e-01
6.964431e-01 2.646900e-01 9.274881e-01 3.031310e-01 7.324837e-01 9.274830e-01
6.969173e-01 2.652737e-01 9.274823e-01 3.031320e-01 7.332850e-01 9.274817e-01
6.973914e-01 2.658573e-01 9.274908e-01 3.031312e-01 7.340990e-01 9.274804e-01

6.973914e-01 2.658611e-01 9.274774e-01 3.031321e-01 7.340924e-01 9.274804e-01
6.978633e-01 2.658522e-01 9.274801e-01 3.031339e-01 7.340803e-01 9.274812e-01
6.983351e-01 2.658514e-01 9.274815e-01 3.031344e-01 7.340794e-01 9.274821e-01
6.988069e-01 2.658548e-01 9.274822e-01 3.031343e-01 7.340850e-01 9.274829e-01
6.992788e-01 2.658591e-01 9.274831e-01 3.031340e-01 7.340919e-01 9.274837e-01
6.997506e-01 2.658605e-01 9.274850e-01 3.031340e-01 7.340953e-01 9.274846e-01

6.997506e-01 2.658608e-01 9.274848e-01 3.031350e-01 7.340943e-01 9.274846e-01
7.002214e-01 2.658819e-01 9.274842e-01 3.031347e-01 7.341234e-01 9.274847e-01
7.006923e-01 2.658901e-01 9.274845e-01 3.031347e-01 7.341350e-01 9.274847e-01
7.011631e-01 2.658935e-01 9.274851e-01 3.031347e-01 7.341401e-01 9.274848e-01
7.016339e-01 2.659005e-01 9.274854e-01 3.031348e-01 7.341499e-01 9.274849e-01
7.021048e-01 2.659192e-01 9.274848e-01 3.031346e-01 7.341755e-01 9.274850e-01

7.021048e-01 2.659191e-01 9.274848e-01 3.031346e-01 7.341754e-01 9.274850e-01
7.025752e-01 2.659172e-01 9.274852e-01 3.031347e-01 7.341729e-01 9.274849e-01
7.030457e-01 2.659172e-01 9.274851e-01 3.031347e-01 7.341727e-01 9.274848e-01
7.035161e-01 2.659176e-01 9.274847e-01 3.031346e-01 7.341732e-01 9.274847e-01
7.039866e-01 2.659172e-01 9.274844e-01 3.031346e-01 7.341724e-01 9.274846e-01
7.044570e-01 2.659143e-01 9.274846e-01 3.031348e-01 7.341683e-01 9.274845e-01

7.044570e-01 2.659143e-01 9.274844e-01 3.031347e-01 7.341682e-01 9.274845e-01
7.049273e-01 2.659151e-01 9.274845e-01 3.031349e-01 7.341691e-01 9.274843e-01
7.053975e-01 2.659142e-01 9.274841e-01 3.031349e-01 7.341677e-01 9.274841e-01
7.058678e-01 2.659133e-01 9.274837e-01 3.031349e-01 7.341661e-01 9.274839e-01
7.063380e-01 2.659137e-01 9.274834e-01 3.031349e-01 7.341664e-01 9.274837e-01
7.068083e-01 2.659170e-01 9.274835e-01 3.031349e-01 7.341710e-01 9.274835e-01

7.068083e-01 2.659170e-01 9.274835e-01 3.031349e-01 7.341711e-01 9.274835e-01
7.072786e-01 2.658760e-01 9.274837e-01 3.031348e-01 7.341146e-01 9.274839e-01
7.077489e-01 2.658740e-01 9.274840e-01 3.031348e-01 7.341122e-01 9.274843e-01
7.082192e-01 2.658848e-01 9.274845e-01 3.031348e-01 7.341274e-01 9.274846e-01
7.086896e-01 2.658820e-01 9.274850e-01 3.031348e-01 7.341240e-01 9.274850e-01
7.091599e-01 2.658394e-01 9.274855e-01 3.031348e-01 7.340657e-01 9.274854e-01

7.091599e-01 2.658394e-01 9.274854e-01 3.031347e-01 7.340656e-01 9.274854e-01
7.096302e-01 2.658566e-01 9.274863e-01 3.031347e-01 7.340901e-01 9.274862e-01
7.101005e-01 2.658509e-01 9.274872e-01 3.031347e-01 7.340831e-01 9.274869e-01
7.105708e-01 2.658351e-01 9.274880e-01 3.031346e-01 7.340618e-01 9.274877e-01
7.110412e-01 2.658216e-01 9.274887e-01 3.031346e-01 7.340438e-01 9.274884e-01
7.115115e-01 2.658233e-01 9.274890e-01 3.031347e-01 7.340463e-01 9.274891e-01

7.115115e-01 2.658233e-01 9.274890e-01 3.031347e-01 7.340463e-01 9.274891e-01
7.119819e-01 2.658132e-01 9.274897e-01 3.031349e-01 7.340327e-01 9.274895e-01
7.124523e-01 2.657985e-01 9.274900e-01 3.031352e-01 7.340123e-01 9.274898e-01
7.129226e-01 2.657814e-01 9.274902e-01 3.031355e-01 7.339884e-01 9.274901e-01
7.133930e-01 2.657640e-01 9.274904e-01 3.031357e-01 7.339642e-01 9.274904e-01
7.138634e-01 2.657485e-01 9.274907e-01 3.031358e-01 7.339430e-01 9.274907e-01

7.138634e-01 2.657486e-01 9.274906e-01 3.031359e-01 7.339430e-01 9.274907e-01
7.143338e-01 2.657524e-01 9.274916e-01 3.031356e-01 7.339493e-01 9.274919e-01
7.148042e-01 2.657508e-01 9.274929e-01 3.031355e-01 7.339482e-01 9.274930e-01
7.152746e-01 2.657451e-01 9.274942e-01 3.031356e-01 7.339414e-01 9.274942e-01
7.157450e-01 2.657368e-01 9.274954e-01 3.031358e-01 7.339305e-01 9.274954e-01
7.162154e-01 2.657271e-01 9.274962e-01 3.031363e-01 7.339172e-01 9.274965e-01

7.162154e-01 2.657270e-01 9.274965e-01 3.031362e-01 7.339174e-01 9.274965e-01
7.166859e-01 2.657346e-01 9.274976e-01 3.031367e-01 7.339283e-01 9.274971e-01
7.171563e-01 2.657352e-01 9.274981e-01 3.031371e-01 7.339289e-01 9.274977e-01
7.176268e-01 2.657296e-01 9.274982e-01 3.031374e-01 7.339210e-01 9.274983e-01
7.180972e-01 2.657190e-01 9.274985e-01 3.031375e-01 7.339065e-01 9.274989e-01
7.185677e-01 2.657044e-01 9.274993e-01 3.031373e-01 7.338872e-01 9.274995e-01

7.185677e-01 2.657048e-01 9.274972e-01 3.031380e-01 7.338853e-01 9.274995e-01
7.190382e-01 2.656965e-01 9.274970e-01 3.031381e-01 7.338734e-01 9.274989e-01
7.195087e-01 2.656953e-01 9.274974e-01 3.031380e-01 7.338721e-01 9.274984e-01
7.199792e-01 2.656940e-01 9.274978e-01 3.031380e-01 7.338707e-01 9.274978e-01
7.204497e-01 2.656854e-01 9.274977e-01 3.031381e-01 7.338586e-01 9.274972e-01
7.209202e-01 2.656623e-01 9.274963e-01 3.031386e-01 7.338251e-01 9.274966e-01

7.209202e-01 2.656619e-01 9.274998e-01 3.031380e-01 7.338280e-01 9.274966e-01
7.213907e-01 2.656878e-01 9.274976e-01 3.031377e-01 7.338624e-01 9.274965e-01
7.218613e-01 2.656828e-01 9.274948e-01 3.031378e-01 7.338532e-01 9.274965e-01
7.223318e-01 2.656659e-01 9.274931e-01 3.031379e-01 7.338283e-01 9.274964e-01
7.228023e-01 2.656560e-01 9.274939e-01 3.031379e-01 7.338154e-01 9.274963e-01
7.232728e-01 2.656722e-01 9.274991e-01 3.031374e-01 7.338423e-01 9.274962e-01

7.232728e-01 2.656721e-01 9.274963e-01 3.031374e-01 7.338400e-01 9.274962e-01
7.237434e-01 2.656621e-01 9.274955e-01 3.031371e-01 7.338259e-01 9.274964e-01
7.242139e-01 2.656552e-01 9.274954e-01 3.031371e-01 7.338164e-01 9.274965e-01
7.246845e-01 2.656493e-01 9.274956e-01 3.031371e-01 7.338084e-01 9.274967e-01
7.251550e-01 2.656423e-01 9.274957e-01 3.031370e-01 7.337990e-01 9.274968e-01
7.256256e-01 2.656321e-01 9.274954e-01 3.031365e-01 7.337851e-01 9.274970e-01

7.256256e-01 2.656324e-01 9.274970e-01 3.031371e-01 7.337861e-01 9.274970e-01
7.260962e-01 2.656329e-01 9.274969e-01 3.031368e-01 7.337871e-01 9.274967e-01
7.265668e-01 2.656331e-01 9.274969e-01 3.031366e-01 7.337876e-01 9.274965e-01
7.270374e-01 2.656332e-01 9.274969e-01 3.031366e-01 7.337877e-01 9.274962e-01
7.275080e-01 2.656335e-01 9.274967e-01 3.031366e-01 7.337880e-01 9.274960e-01
7.279786e-01 2.656343e-01 9.274962e-01 3.031367e-01 7.337887e-01 9.274958e-01

7.279786e-01 2.656343e-01 9.274961e-01 3.031366e-01 7.337886e-01 9.274958e-01
7.284492e-01 2.656217e-01 9.274949e-01 3.031363e-01 7.337706e-01 9.274956e-01
7.289198e-01 2.656168e-01 9.274945e-01 3.031361e-01 7.337638e-01 9.274955e-01
7.293904e-01 2.656151e-01 9.274946e-01 3.031360e-01 7.337616e-01 9.274954e-01
7.298610e-01 2.656120e-01 9.274949e-01 3.031359e-01 7.337577e-01 9.274953e-01
7.303316e-01 2.656031e-01 9.274951e-01 3.031358e-01 7.337456e-01 9.274952e-01

7.303316e-01 2.656031e-01 9.274952e-01 3.031359e-01 7.337456e-01 9.274952e-01
7.308023e-01 2.656000e-01 9.274954e-01 3.031359e-01 7.337416e-01 9.274954e-01
7.312729e-01 2.655980e-01 9.274956e-01 3.031359e-01 7.337389e-01 9.274956e-01
7.317435e-01 2.655970e-01 9.274957e-01 3.031359e-01 7.337376e-01 9.274958e-01
7.322141e-01 2.655974e-01 9.274959e-01 3.031360e-01 7.337381e-01 9.274960e-01
7.326848e-01 2.655990e-01 9.274961e-01 3.031361e-01 7.337405e-01 9.274962e-01

7.326848e-01 2.655990e-01 9.274960e-01 3.031361e-01 7.337405e-01 9.274962e-01
7.331554e-01 2.655978e-01 9.274965e-01 3.031363e-01 7.337389e-01 9.274969e-01
7.336261e-01 2.655953e-01 9.274970e-01 3.031365e-01 7.337356e-01 9.274976e-01
7.340967e-01 2.655932e-01 9.274976e-01 3.031368e-01 7.337327e-01 9.274983e-01
7.345674e-01 2.655929e-01 9.274984e-01 3.031371e-01 7.337326e-01 9.274990e-01
7.350380e-01 2.655962e-01 9.274994e-01 3.031375e-01 7.337375e-01 9.274997e-01

7.350380e-01 2.655962e-01 9.274994e-01 3.031375e-01 7.337375e-01 9.274997e-01
7.355087e-01 2.655929e-01 9.275006e-01 3.031379e-01 7.337334e-01 9.275009e-01
7.359793e-01 2.655921e-01 9.275019e-01 3.031383e-01 7.337329e-01 9.275020e-01
7.364500e-01 2.655921e-01 9.275032e-01 3.031388e-01 7.337334e-01 9.275032e-01
7.369206e-01 2.655911e-01 9.275043e-01 3.031392e-01 7.337323e-01 9.275043e-01
7.373913e-01 2.655872e-01 9.275051e-01 3.031396e-01 7.337270e-01 9.275055e-01

7.373913e-01 2.655872e-01 9.275052e-01 3.031396e-01 7.337270e-01 9.275055e-01
7.378619e-01 2.655854e-01 9.275057e-01 3.031400e-01 7.337245e-01 9.275058e-01
7.383325e-01 2.655846e-01 9.275060e-01 3.031402e-01 7.337234e-01 9.275061e-01
7.388032e-01 2.655843e-01 9.275062e-01 3.031404e-01 7.337229e-01 9.275064e-01
7.392738e-01 2.655838e-01 9.275065e-01 3.031405e-01 7.337223e-01 9.275068e-01
7.397444e-01 2.655826e-01 9.275070e-01 3.031406e-01 7.337209e-01 9.275071e-01

7.397444e-01 2.655826e-01 9.275070e-01 3.031406e-01 7.337209e-01 9.275071e-01
7.402151e-01 2.655818e-01 9.275077e-01 3.031407e-01 7.337203e-01 9.275077e-01
7.406858e-01 2.655809e-01 9.275084e-01 3.031406e-01 7.337198e-01 9.275084e-01
7.411565e-01 2.655799e-01 9.275091e-01 3.031405e-01 7.337191e-01 9.275090e-01
7.416272e-01 2.655786e-01 9.275097e-01 3.031404e-01 7.337179e-01 9.275096e-01
7.420979e-01 2.655768e-01 9.275103e-01 3.031403e-01 7.337159e-01 9.275102e-01

7.420979e-01 2.655768e-01 9.275103e-01 3.031403e-01 7.337160e-01 9.275102e-01
7.425685e-01 2.655772e-01 9.275110e-01 3.031403e-01 7.337170e-01 9.275109e-01
7.430391e-01 2.655775e-01 9.275115e-01 3.031406e-01 7.337174e-01 9.275115e-01
7.435097e-01 2.655779e-01 9.275120e-01 3.031411e-01 7.337179e-01 9.275121e-01
7.439803e-01 2.655789e-01 9.275125e-01 3.031416e-01 7.337190e-01 9.275127e-01
7.444509e-01 2.655809e-01 9.275130e-01 3.031422e-01 7.337214e-01 9.275133e-01

7.444509e-01 2.655809e-01 9.275130e-01 3.031422e-01 7.337215e-01 9.275133e-01
7.449216e-01 2.655798e-01 9.275136e-01 3.031426e-01 7.337199e-01 9.275140e-01
7.453924e-01 2.655808e-01 9.275141e-01 3.031429e-01 7.337214e-01 9.275147e-01
7.458631e-01 2.655822e-01 9.275148e-01 3.031430e-01 7.337237e-01 9.275154e-01
7.463338e-01 2.655824e-01 9.275157e-01 3.031429e-01 7.337248e-01 9.275161e-01
7.468046e-01 2.655798e-01 9.275169e-01 3.031427e-01 7.337224e-01 9.275168e-01

7.468046e-01 2.655798e-01 9.275168e-01 3.031428e-01 7.337223e-01 9.275168e-01
7.472752e-01 2.655810e-01 9.275171e-01 3.031429e-01 7.337239e-01 9.275171e-01
7.477458e-01 2.655808e-01 9.275170e-01 3.031432e-01 7.337233e-01 9.275174e-01
7.482164e-01 2.655800e-01 9.275171e-01 3.031435e-01 7.337218e-01 9.275178e-01
7.486870e-01 2.655795e-01 9.275174e-01 3.031438e-01 7.337210e-01 9.275181e-01
7.491576e-01 2.655800e-01 9.275184e-01 3.031440e-01 7.337224e-01 9.275185e-01

7.491576e-01 2.655801e-01 9.275183e-01 3.031440e-01 7.337223e-01 9.275185e-01
7.496283e-01 2.655794e-01 9.275188e-01 3.031443e-01 7.337214e-01 9.275187e-01
7.500990e-01 2.655795e-01 9.275188e-01 3.031445e-01 7.337213e-01 9.275189e-01
7.505698e-01 2.655799e-01 9.275187e-01 3.031448e-01 7.337215e-01 9.275191e-01
7.510405e-01 2.655799e-01 9.275188e-01 3.031449e-01 7.337213e-01 9.275193e-01
7.515113e-01 2.655786e-01 9.275195e-01 3.031449e-01 7.337201e-01 9.275195e-01

7.515113e-01 2.655786e-01 9.275195e-01 3.031450e-01 7.337201e-01 9.275195e-01
7.519819e-01 2.655785e-01 9.275206e-01 3.031450e-01 7.337207e-01 9.275216e-01
7.524525e-01 2.655802e-01 9.275222e-01 3.031452e-01 7.337242e-01 9.275238e-01
7.529231e-01 2.655818e-01 9.275244e-01 3.031455e-01 7.337277e-01 9.275259e-01
7.533937e-01 2.655814e-01 9.275268e-01 3.031461e-01 7.337283e-01 9.275281e-01
7.538644e-01 2.655768e-01 9.275296e-01 3.031469e-01 7.337233e-01 9.275302e-01

7.538644e-01 2.655768e-01 9.275294e-01 3.031468e-01 7.337232e-01 9.275302e-01
7.543351e-01 2.655789e-01 9.275325e-01 3.031477e-01 7.337274e-01 9.275319e-01
7.548059e-01 2.655802e-01 9.275351e-01 3.031485e-01 7.337303e-01 9.275335e-01
7.552766e-01 2.655803e-01 9.275370e-01 3.031490e-01 7.337314e-01 9.275352e-01
7.557474e-01 2.655790e-01 9.275382e-01 3.031492e-01 7.337302e-01 9.275369e-01
7.562181e-01 2.655758e-01 9.275387e-01 3.031492e-01 7.337262e-01 9.275385e-01

7.562181e-01 2.655758e-01 9.275386e-01 3.031492e-01 7.337261e-01 9.275385e-01
7.566887e-01 2.655755e-01 9.275392e-01 3.031493e-01 7.337262e-01 9.275386e-01
7.571594e-01 2.655762e-01 9.275398e-01 3.031494e-01 7.337273e-01 9.275387e-01
7.576300e-01 2.655769e-01 9.275400e-01 3.031497e-01 7.337283e-01 9.275388e-01
7.581006e-01 2.655772e-01 9.275398e-01 3.031498e-01 7.337282e-01 9.275388e-01
7.585712e-01 2.655761e-01 9.275389e-01 3.031499e-01 7.337260e-01 9.275389e-01

7.585712e-01 2.655761e-01 9.275388e-01 3.031499e-01 7.337259e-01 9.275389e-01
7.590420e-01 2.655758e-01 9.275383e-01 3.031501e-01 7.337248e-01 9.275382e-01
7.595127e-01 2.655758e-01 9.275377e-01 3.031502e-01 7.337242e-01 9.275376e-01
7.599834e-01 2.655760e-01 9.275371e-01 3.031503e-01 7.337239e-01 9.275369e-01
7.604542e-01 2.655761e-01 9.275364e-01 3.031503e-01 7.337235e-01 9.275363e-01
7.609249e-01 2.655759e-01 9.275357e-01 3.031501e-01 7.337230e-01 9.275356e-01

7.609249e-01 2.655759e-01 9.275357e-01 3.031501e-01 7.337230e-01 9.275356e-01
7.613956e-01 2.655743e-01 9.275353e-01 3.031500e-01 7.337206e-01 9.275352e-01
7.618662e-01 2.655739e-01 9.275348e-01 3.031498e-01 7.337198e-01 9.275348e-01
7.623368e-01 2.655741e-01 9.275343e-01 3.031497e-01 7.337199e-01 9.275345e-01
7.628075e-01 2.655743e-01 9.275339e-01 3.031497e-01 7.337198e-01 9.275341e-01
7.632781e-01 2.655739e-01 9.275336e-01 3.031497e-01 7.337189e-01 9.275337e-01

7.632781e-01 2.655738e-01 9.275337e-01 3.031497e-01 7.337189e-01 9.275337e-01
7.637488e-01 2.655731e-01 9.275336e-01 3.031498e-01 7.337179e-01 9.275340e-01
7.642196e-01 2.655737e-01 9.275338e-01 3.031498e-01 7.337187e-01 9.275344e-01
7.646903e-01 2.655745e-01 9.275342e-01 3.031498e-01 7.337202e-01 9.275347e-01
7.651610e-01 2.655747e-01 9.275347e-01 3.031497e-01 7.337209e-01 9.275350e-01
7.656317e-01 2.655732e-01 9.275354e-01 3.031496e-01 7.337195e-01 9.275353e-01

7.656317e-01 2.655732e-01 9.275354e-01 3.031496e-01 7.337195e-01 9.275353e-01
7.661024e-01 2.655716e-01 9.275362e-01 3.031496e-01 7.337180e-01 9.275367e-01
7.665731e-01 2.655716e-01 9.275371e-01 3.031496e-01 7.337187e-01 9.275380e-01
7.670437e-01 2.655722e-01 9.275383e-01 3.031497e-01 7.337204e-01 9.275394e-01
7.675144e-01 2.655727e-01 9.275398e-01 3.031501e-01 7.337218e-01 9.275407e-01
7.679850e-01 2.655722e-01 9.275414e-01 3.031507e-01 7.337216e-01 9.275420e-01

7.679850e-01 2.655722e-01 9.275414e-01 3.031507e-01 7.337216e-01 9.275420e-01
7.684557e-01 2.655705e-01 9.275432e-01 3.031515e-01 7.337197e-01 9.275442e-01
7.689264e-01 2.655718e-01 9.275451e-01 3.031527e-01 7.337217e-01 9.275463e-01
7.693971e-01 2.655741e-01 9.275470e-01 3.031540e-01 7.337248e-01 9.275484e-01
7.698678e-01 2.655754e-01 9.275491e-01 3.031554e-01 7.337264e-01 9.275505e-01
7.703385e-01 2.655735e-01 9.275513e-01 3.031569e-01 7.337238e-01 9.275526e-01

7.703385e-01 2.655735e-01 9.275514e-01 3.031569e-01 7.337238e-01 9.275526e-01
7.708092e-01 2.655752e-01 9.275542e-01 3.031583e-01 7.337266e-01 9.275557e-01
7.712799e-01 2.655767e-01 9.275574e-01 3.031597e-01 7.337297e-01 9.275588e-01
7.717505e-01 2.655780e-01 9.275609e-01 3.031609e-01 7.337326e-01 9.275619e-01
7.722212e-01 2.655789e-01 9.275642e-01 3.031622e-01 7.337350e-01 9.275650e-01
7.726918e-01 2.655792e-01 9.275672e-01 3.031633e-01 7.337363e-01 9.275681e-01

7.726918e-01 2.655792e-01 9.275671e-01 3.031633e-01 7.337363e-01 9.275681e-01
7.731625e-01 2.655775e-01 9.275697e-01 3.031644e-01 7.337348e-01 9.275700e-01
7.736332e-01 2.655787e-01 9.275718e-01 3.031652e-01 7.337371e-01 9.275719e-01
7.741039e-01 2.655805e-01 9.275737e-01 3.031658e-01 7.337404e-01 9.275738e-01
7.745745e-01 2.655808e-01 9.275755e-01 3.031662e-01 7.337417e-01 9.275757e-01
7.750452e-01 2.655772e-01 9.275774e-01 3.031665e-01 7.337379e-01 9.275777e-01

7.750452e-01 2.655772e-01 9.275774e-01 3.031665e-01 7.337379e-01 9.275777e-01
7.755159e-01 2.655760e-01 9.275794e-01 3.031668e-01 7.337373e-01 9.275801e-01
7.759865e-01 2.655764e-01 9.275818e-01 3.031673e-01 7.337394e-01 9.275826e-01
7.764572e-01 2.655775e-01 9.275845e-01 3.031677e-01 7.337425e-01 9.275851e-01
7.769279e-01 2.655784e-01 9.275872e-01 3.031682e-01 7.337452e-01 9.275876e-01
7.773985e-01 2.655779e-01 9.275897e-01 3.031687e-01 7.337458e-01 9.275901e-01

7.773985e-01 2.655779e-01 9.275896e-01 3.031687e-01 7.337458e-01 9.275901e-01
7.778691e-01 2.655800e-01 9.275914e-01 3.031693e-01 7.337495e-01 9.275909e-01
7.783397e-01 2.655813e-01 9.275926e-01 3.031698e-01 7.337516e-01 9.275917e-01
7.788104e-01 2.655822e-01 9.275932e-01 3.031702e-01 7.337528e-01 9.275924e-01
7.792810e-01 2.655829e-01 9.275936e-01 3.031706e-01 7.337536e-01 9.275932e-01
7.797516e-01 2.655839e-01 9.275937e-01 3.031710e-01 7.337547e-01 9.275940e-01

7.797516e-01 2.655839e-01 9.275937e-01 3.031710e-01 7.337547e-01 9.275940e-01
7.802223e-01 2.655829e-01 9.275939e-01 3.031713e-01 7.337529e-01 9.275949e-01
7.806930e-01 2.655836e-01 9.275943e-01 3.031716e-01 7.337539e-01 9.275958e-01
7.811636e-01 2.655849e-01 9.275951e-01 3.031718e-01 7.337561e-01 9.275967e-01
7.816343e-01 2.655859e-01 9.275963e-01 3.031721e-01 7.337581e-01 9.275976e-01
7.821050e-01 2.655855e-01 9.275980e-01 3.031725e-01 7.337583e-01 9.275985e-01

7.821050e-01 2.655855e-01 9.275980e-01 3.031726e-01 7.337583e-01 9.275985e-01
7.825756e-01 2.655860e-01 9.275997e-01 3.031733e-01 7.337595e-01 9.276014e-01
7.830462e-01 2.655869e-01 9.276020e-01 3.031742e-01 7.337613e-01 9.276043e-01
7.835168e-01 2.655879e-01 9.276048e-01 3.031753e-01 7.337637e-01 9.276073e-01
7.839874e-01 2.655891e-01 9.276083e-01 3.031765e-01 7.337666e-01 9.276102e-01
7.844580e-01 2.655901e-01 9.276123e-01 3.031775e-01 7.337699e-01 9.276131e-01

7.844580e-01 2.655901e-01 9.276122e-01 3.031775e-01 7.337698e-01 9.276131e-01
7.849287e-01 2.655906e-01 9.276161e-01 3.031785e-01 7.337724e-01 9.276152e-01
7.853994e-01 2.655914e-01 9.276192e-01 3.031794e-01 7.337748e-01 9.276174e-01
7.858701e-01 2.655919e-01 9.276215e-01 3.031802e-01 7.337765e-01 9.276196e-01
7.863408e-01 2.655920e-01 9.276229e-01 3.031808e-01 7.337771e-01 9.276217e-01
7.868115e-01 2.655913e-01 9.276236e-01 3.031812e-01 7.337761e-01 9.276239e-01

7.868115e-01 2.655913e-01 9.276236e-01 3.031812e-01 7.337761e-01 9.276239e-01
7.872821e-01 2.655923e-01 9.276240e-01 3.031814e-01 7.337775e-01 9.276239e-01
7.877527e-01 2.655924e-01 9.276240e-01 3.031816e-01 7.337774e-01 9.276238e-01
7.882233e-01 2.655922e-01 9.276239e-01 3.031818e-01 7.337768e-01 9.276238e-01
7.886939e-01 2.655923e-01 9.276237e-01 3.031821e-01 7.337765e-01 9.276238e-01
7.891644e-01 2.655934e-01 9.276235e-01 3.031823e-01 7.337776e-01 9.276238e-01

7.891644e-01 2.655933e-01 9.276236e-01 3.031823e-01 7.337776e-01 9.276238e-01
7.896352e-01 2.655935e-01 9.276239e-01 3.031824e-01 7.337780e-01 9.276248e-01
7.901059e-01 2.655938e-01 9.276248e-01 3.031825e-01 7.337789e-01 9.276259e-01
7.905766e-01 2.655940e-01 9.276260e-01 3.031826e-01 7.337799e-01 9.276269e-01
7.910473e-01 2.655940e-01 9.276273e-01 3.031829e-01 7.337808e-01 9.276280e-01
7.915180e-01 2.655939e-01 9.276285e-01 3.031834e-01 7.337810e-01 9.276291e-01

7.915180e-01 2.655939e-01 9.276285e-01 3.031833e-01 7.337810e-01 9.276291e-01
7.919886e-01 2.655931e-01 9.276299e-01 3.031840e-01 7.337802e-01 9.276306e-01
7.924592e-01 2.655942e-01 9.276314e-01 3.031846e-01 7.337822e-01 9.276321e-01
7.929298e-01 2.655958e-01 9.276331e-01 3.031852e-01 7.337849e-01 9.276337e-01
7.934004e-01 2.655963e-01 9.276347e-01 3.031857e-01 7.337863e-01 9.276352e-01
7.938710e-01 2.655943e-01 9.276364e-01 3.031862e-01 7.337843e-01 9.276368e-01

7.938710e-01 2.655943e-01 9.276364e-01 3.031862e-01 7.337843e-01 9.276368e-01
7.943417e-01 2.655951e-01 9.276376e-01 3.031867e-01 7.337857e-01 9.276384e-01
7.948124e-01 2.655961e-01 9.276389e-01 3.031873e-01 7.337874e-01 9.276401e-01
7.952831e-01 2.655969e-01 9.276403e-01 3.031879e-01 7.337890e-01 9.276417e-01
7.957538e-01 2.655975e-01 9.276421e-01 3.031886e-01 7.337903e-01 9.276433e-01
7.962245e-01 2.655974e-01 9.276444e-01 3.031893e-01 7.337911e-01 9.276450e-01

7.962245e-01 2.655974e-01 9.276443e-01 3.031893e-01 7.337910e-01 9.276450e-01
7.966951e-01 2.655970e-01 9.276466e-01 3.031901e-01 7.337913e-01 9.276470e-01
7.971657e-01 2.655979e-01 9.276487e-01 3.031911e-01 7.337931e-01 9.276491e-01
7.976363e-01 2.655992e-01 9.276507e-01 3.031920e-01 7.337954e-01 9.276511e-01
7.981069e-01 2.656003e-01 9.276527e-01 3.031928e-01 7.337975e-01 9.276532e-01
7.985776e-01 2.656002e-01 9.276550e-01 3.031933e-01 7.337985e-01 9.276552e-01

7.985776e-01 2.656002e-01 9.276550e-01 3.031933e-01 7.337985e-01 9.276552e-01
7.990482e-01 2.655986e-01 9.276574e-01 3.031934e-01 7.337982e-01 9.276567e-01
7.995189e-01 2.655983e-01 9.276594e-01 3.031935e-01 7.337993e-01 9.276582e-01
7.999896e-01 2.655987e-01 9.276609e-01 3.031935e-01 7.338009e-01 9.276596e-01
8.004603e-01 2.655991e-01 9.276619e-01 3.031936e-01 7.338022e-01 9.276611e-01
8.009309e-01 2.655990e-01 9.276624e-01 3.031938e-01 7.338022e-01 9.276626e-01

8.009309e-01 2.655990e-01 9.276625e-01 3.031938e-01 7.338023e-01 9.276626e-01
8.014015e-01 2.655976e-01 9.276635e-01 3.031939e-01 7.338010e-01 9.276648e-01
8.018722e-01 2.655982e-01 9.276650e-01 3.031941e-01 7.338028e-01 9.276669e-01
8.023428e-01 2.655996e-01 9.276670e-01 3.031945e-01 7.338058e-01 9.276691e-01
8.028134e-01 2.656003e-01 9.276695e-01 3.031951e-01 7.338080e-01 9.276713e-01
8.032840e-01 2.655991e-01 9.276725e-01 3.031960e-01 7.338076e-01 9.276735e-01

8.032840e-01 2.655990e-01 9.276726e-01 3.031960e-01 7.338076e-01 9.276735e-01
8.037546e-01 2.656003e-01 9.276762e-01 3.031971e-01 7.338108e-01 9.276778e-01
8.042253e-01 2.656006e-01 9.276801e-01 3.031986e-01 7.338126e-01 9.276821e-01
8.046959e-01 2.656007e-01 9.276844e-01 3.032002e-01 7.338142e-01 9.276865e-01
8.051666e-01 2.656015e-01 9.276891e-01 3.032017e-01 7.338172e-01 9.276908e-01
8.056373e-01 2.656040e-01 9.276941e-01 3.032030e-01 7.338230e-01 9.276951e-01

8.056373e-01 2.656040e-01 9.276941e-01 3.032030e-01 7.338231e-01 9.276951e-01
8.061079e-01 2.656025e-01 9.276981e-01 3.032044e-01 7.338224e-01 9.276987e-01
8.065785e-01 2.656035e-01 9.277019e-01 3.032056e-01 7.338254e-01 9.277023e-01
8.070491e-01 2.656056e-01 9.277055e-01 3.032065e-01 7.338300e-01 9.277059e-01
8.075197e-01 2.656072e-01 9.277088e-01 3.032073e-01 7.338338e-01 9.277094e-01
8.079903e-01 2.656069e-01 9.277119e-01 3.032082e-01 7.338348e-01 9.277130e-01

8.079903e-01 2.656070e-01 9.277116e-01 3.032084e-01 7.338345e-01 9.277130e-01
8.084609e-01 2.656061e-01 9.277121e-01 3.032101e-01 7.338316e-01 9.277158e-01
8.089315e-01 2.656068e-01 9.277148e-01 3.032114e-01 7.338331e-01 9.277187e-01
8.094021e-01 2.656081e-01 9.277187e-01 3.032125e-01 7.338368e-01 9.277215e-01
8.098728e-01 2.656088e-01 9.277230e-01 3.032131e-01 7.338402e-01 9.277243e-01
8.103434e-01 2.656076e-01 9.277267e-01 3.032135e-01 7.338410e-01 9.277271e-01

8.103434e-01 2.656077e-01 9.277262e-01 3.032137e-01 7.338406e-01 9.277271e-01
8.108140e-01 2.656088e-01 9.277265e-01 3.032146e-01 7.338413e-01 9.277282e-01
8.112846e-01 2.656093e-01 9.277274e-01 3.032153e-01 7.338418e-01 9.277292e-01
8.117552e-01 2.656094e-01 9.277289e-01 3.032157e-01 7.338427e-01 9.277303e-01
8.122258e-01 2.656098e-01 9.277306e-01 3.032159e-01 7.338444e-01 9.277313e-01
8.126965e-01 2.656108e-01 9.277325e-01 3.032157e-01 7.338474e-01 9.277324e-01

8.126965e-01 2.656108e-01 9.277320e-01 3.032158e-01 7.338470e-01 9.277324e-01
8.131670e-01 2.656094e-01 9.277333e-01 3.032164e-01 7.338453e-01 9.277355e-01
8.136375e-01 2.656100e-01 9.277357e-01 3.032177e-01 7.338464e-01 9.277386e-01
8.141081e-01 2.656114e-01 9.277390e-01 3.032193e-01 7.338490e-01 9.277417e-01
8.145786e-01 2.656125e-01 9.277429e-01 3.032209e-01 7.338518e-01 9.277449e-01
8.150492e-01 2.656123e-01 9.277472e-01 3.032220e-01 7.338534e-01 9.277480e-01

8.150492e-01 2.656122e-01 9.277471e-01 3.032220e-01 7.338534e-01 9.277480e-01
8.155198e-01 2.656152e-01 9.277522e-01 3.032233e-01 7.338600e-01 9.277518e-01
8.159905e-01 2.656175e-01 9.277567e-01 3.032247e-01 7.338649e-01 9.277556e-01
8.164611e-01 2.656193e-01 9.277606e-01 3.032260e-01 7.338690e-01 9.277593e-01
8.169318e-01 2.656212e-01 9.277639e-01 3.032269e-01 7.338730e-01 9.277631e-01
8.174024e-01 2.656234e-01 9.277667e-01 3.032274e-01 7.338778e-01 9.277669e-01

8.174024e-01 2.656235e-01 9.277665e-01 3.032274e-01 7.338776e-01 9.277669e-01
8.178729e-01 2.656205e-01 9.277690e-01 3.032276e-01 7.338752e-01 9.277680e-01
8.183434e-01 2.656211e-01 9.277703e-01 3.032279e-01 7.338768e-01 9.277690e-01
8.188140e-01 2.656230e-01 9.277709e-01 3.032281e-01 7.338797e-01 9.277701e-01
8.192845e-01 2.656238e-01 9.277714e-01 3.032282e-01 7.338810e-01 9.277712e-01
8.197550e-01 2.656210e-01 9.277723e-01 3.032281e-01 7.338780e-01 9.277722e-01

8.197550e-01 2.656210e-01 9.277721e-01 3.032282e-01 7.338778e-01 9.277722e-01
8.202257e-01 2.656225e-01 9.277736e-01 3.032280e-01 7.338812e-01 9.277740e-01
8.206963e-01 2.656227e-01 9.277760e-01 3.032275e-01 7.338839e-01 9.277758e-01
8.211670e-01 2.656223e-01 9.277784e-01 3.032272e-01 7.338858e-01 9.277776e-01
8.216376e-01 2.656222e-01 9.277803e-01 3.032272e-01 7.338871e-01 9.277794e-01
8.221083e-01 2.656233e-01 9.277808e-01 3.032279e-01 7.338881e-01 9.277812e-01

8.221083e-01 2.656230e-01 9.277825e-01 3.032275e-01 7.338896e-01 9.277812e-01
8.225788e-01 2.656208e-01 9.277884e-01 3.032263e-01 7.338927e-01 9.277922e-01
8.230494e-01 2.656196e-01 9.277971e-01 3.032245e-01 7.339000e-01 9.278031e-01
8.235199e-01 2.656188e-01 9.278081e-01 3.032223e-01 7.339103e-01 9.278141e-01
8.239905e-01 2.656180e-01 9.278211e-01 3.032200e-01 7.339222e-01 9.278250e-01
8.244610e-01 2.656167e-01 9.278357e-01 3.032179e-01 7.339345e-01 9.278360e-01

8.244610e-01 2.656175e-01 9.278345e-01 3.032191e-01 7.339332e-01 9.278360e-01
8.249317e-01 2.656191e-01 9.278297e-01 3.032204e-01 7.339301e-01 9.278370e-01
8.254024e-01 2.656186e-01 9.278314e-01 3.032198e-01 7.339316e-01 9.278380e-01
8.258730e-01 2.656176e-01 9.278358e-01 3.032188e-01 7.339347e-01 9.278390e-01
8.263437e-01 2.656174e-01 9.278391e-01 3.032192e-01 7.339366e-01 9.278401e-01
8.268144e-01 2.656195e-01 9.278374e-01 3.032225e-01 7.339342e-01 9.278411e-01

8.268144e-01 2.656191e-01 9.278378e-01 3.032219e-01 7.339347e-01 9.278411e-01
8.272849e-01 2.656198e-01 9.278454e-01 3.032227e-01 7.339407e-01 9.278408e-01
8.277555e-01 2.656180e-01 9.278472e-01 3.032220e-01 7.339405e-01 9.278404e-01
8.282261e-01 2.656166e-01 9.278448e-01 3.032213e-01 7.339375e-01 9.278401e-01
8.286966e-01 2.656181e-01 9.278401e-01 3.032220e-01 7.339350e-01 9.278398e-01
8.291672e-01 2.656252e-01 9.278349e-01 3.032255e-01 7.339365e-01 9.278394e-01

8.291672e-01 2.656259e-01 9.278344e-01 3.032263e-01 7.339361e-01 9.278394e-01
8.296378e-01 2.656206e-01 9.278314e-01 3.032292e-01 7.339229e-01 9.278295e-01
8.301085e-01 2.656224e-01 9.278289e-01 3.032349e-01 7.339165e-01 9.278195e-01
8.305791e-01 2.656288e-01 9.278231e-01 3.032424e-01 7.339116e-01 9.278095e-01
8.310498e-01 2.656372e-01 9.278102e-01 3.032507e-01 7.339031e-01 9.277996e-01
8.315204e-01 2.656453e-01 9.277864e-01 3.032587e-01 7.338857e-01 9.277896e-01

8.315204e-01 2.656436e-01 9.277886e-01 3.032569e-01 7.338874e-01 9.277896e-01
8.319909e-01 2.656401e-01 9.277940e-01 3.032599e-01 7.338831e-01 9.277920e-01
8.324614e-01 2.656414e-01 9.277963e-01 3.032623e-01 7.338838e-01 9.277943e-01
8.329320e-01 2.656450e-01 9.277970e-01 3.032645e-01 7.338866e-01 9.277966e-01
8.334025e-01 2.656479e-01 9.277976e-01 3.032668e-01 7.338883e-01 9.277990e-01
8.338730e-01 2.656475e-01 9.277995e-01 3.032696e-01 7.338858e-01 9.278013e-01

8.338730e-01 2.656470e-01 9.278006e-01 3.032704e-01 7.338851e-01 9.278013e-01
8.343436e-01 2.656489e-01 9.278109e-01 3.032721e-01 7.338938e-01 9.278063e-01
8.348142e-01 2.656507e-01 9.278204e-01 3.032739e-01 7.339017e-01 9.278113e-01
8.352848e-01 2.656524e-01 9.278270e-01 3.032760e-01 7.339067e-01 9.278163e-01
8.357553e-01 2.656536e-01 9.278287e-01 3.032787e-01 7.339065e-01 9.278213e-01
8.362259e-01 2.656542e-01 9.278235e-01 3.032822e-01 7.338988e-01 9.278263e-01

8.362259e-01 2.656536e-01 9.278427e-01 3.032813e-01 7.339144e-01 9.278263e-01
8.366964e-01 2.656546e-01 9.278393e-01 3.032814e-01 7.339129e-01 9.278277e-01
8.371669e-01 2.656548e-01 9.278384e-01 3.032814e-01 7.339125e-01 9.278292e-01
8.376374e-01 2.656549e-01 9.278383e-01 3.032814e-01 7.339125e-01 9.278306e-01
8.381080e-01 2.656551e-01 9.278375e-01 3.032815e-01 7.339121e-01 9.278320e-01
8.385785e-01 2.656560e-01 9.278344e-01 3.032816e-01 7.339107e-01 9.278335e-01

8.385785e-01 2.656557e-01 9.278315e-01 3.032815e-01 7.339082e-01 9.278335e-01
8.390491e-01 2.656540e-01 9.278500e-01 3.032776e-01 7.339251e-01 9.278523e-01
8.395197e-01 2.656522e-01 9.278494e-01 3.032756e-01 7.339246e-01 9.278712e-01
8.399903e-01 2.656504e-01 9.278478e-01 3.032737e-01 7.339232e-01 9.278901e-01
8.404610e-01 2.656487e-01 9.278635e-01 3.032701e-01 7.339376e-01 9.279090e-01
8.409316e-01 2.656469e-01 9.279150e-01 3.032630e-01 7.339845e-01 9.279278e-01

8.409316e-01 2.656312e-01 9.279518e-01 3.032418e-01 7.340176e-01 9.279278e-01
8.414021e-01 2.656279e-01 9.279424e-01 3.032386e-01 7.340094e-01 9.279245e-01
8.418727e-01 2.656246e-01 9.279330e-01 3.032354e-01 7.340012e-01 9.279211e-01
8.423432e-01 2.656213e-01 9.279235e-01 3.032322e-01 7.339930e-01 9.279177e-01
8.428138e-01 2.656179e-01 9.279141e-01 3.032291e-01 7.339847e-01 9.279143e-01
8.432843e-01 2.656146e-01 9.279046e-01 3.032259e-01 7.339765e-01 9.279109e-01

8.432843e-01 2.656114e-01 9.279284e-01 3.032338e-01 7.339812e-01 9.279109e-01
8.437550e-01 2.655796e-01 9.276841e-01 3.031829e-01 7.338056e-01 9.276835e-01
8.442257e-01 2.655477e-01 9.274398e-01 3.031320e-01 7.336300e-01 9.274561e-01
8.446963e-01 2.655158e-01 9.271954e-01 3.030811e-01 7.334543e-01 9.272287e-01
8.451670e-01 2.654840e-01 9.269510e-01 3.030302e-01 7.332785e-01 9.270013e-01
8.456377e-01 2.654521e-01 9.267065e-01 3.029792e-01 7.331028e-01 9.267739e-01

8.456377e-01 2.657486e-01 9.270096e-01 3.032197e-01 7.334609e-01 9.267739e-01
8.461102e-01 2.649713e-01 9.233346e-01 3.019846e-01 7.309743e-01 9.241393e-01
8.465827e-01 2.641940e-01 9.196379e-01 3.007480e-01 7.284722e-01 9.215047e-01
8.470552e-01 2.634167e-01 9.159194e-01 2.995100e-01 7.259543e-01 9.188702e-01
8.475278e-01 2.626395e-01 9.121789e-01 2.982705e-01 7.234206e-01 9.162356e-01
8.480003e-01 2.618622e-01 9.084162e-01 2.970296e-01 7.208708e-01 9.136011e-01

8.480003e-01 2.655661e-01 9.279259e-01 3.030511e-01 7.341380e-01 9.136011e-01
8.485711e-01 2.518437e-01 8.693136e-01 2.829512e-01 6.931420e-01 8.091626e-01
8.491418e-01 2.381213e-01 8.039458e-01 2.624653e-01 6.471812e-01 7.047242e-01
8.497126e-01 2.243989e-01 7.305834e-01 2.415227e-01 5.951647e-01 6.002857e-01
8.502834e-01 2.106765e-01 6.476640e-01 2.200341e-01 5.356102e-01 4.958473e-01
8.508541e-01 1.969541e-01 5.531902e-01 1.978853e-01 4.664297e-01 3.914088e-01

8.508541e-01 1.598712e-01 2.873061e-01 1.442328e-01 2.556430e-01 3.914088e-01
8.516850e-01 1.533065e-01 2.430976e-01 1.362224e-01 2.179579e-01 3.154053e-01
8.525158e-01 1.467418e-01 1.949336e-01 1.280814e-01 1.763423e-01 2.394018e-01
8.533466e-01 1.401771e-01 1.422585e-01 1.197915e-01 1.300588e-01 1.633983e-01
8.541774e-01 1.336124e-01 8.440721e-02 1.113308e-01 7.815041e-02 8.739485e-02
8.550082e-01 1.270477e-01 2.057744e-02 1.026727e-01 1.934565e-02 1.139135e-02

8.550082e-01 1.257838e-01 6.829337e-03 1.009075e-01 6.444142e-03 1.139135e-02
8.560065e-01 1.256274e-01 5.472516e-03 1.007266e-01 5.165270e-03 9.122247e-03
8.570049e-01 1.254709e-01 4.112311e-03 1.005456e-01 3.882504e-03 6.853139e-03
8.580033e-01 1.253145e-01 2.748711e-03 1.003646e-01 2.595825e-03 4.584031e-03
8.590016e-01 1.251580e-01 1.381701e-03 1.001834e-01 1.305214e-03 2.314923e-03
8.600000e-01 1.250016e-01 1.127001e-05 1.000021e-01 1.064912e-05 4.581485e-05

8.600000e-01 1.250026e-01 9.200271e-05 1.000032e-01 8.693390e-05 4.581485e-05
8.610000e-01 1.250020e-01 1.280071e-05 1.000026e-01 1.209548e-05 3.578047e-05
8.620000e-01 1.250015e-01 -9.801849e-06 1.000020e-01 -9.261841e-06 2.574609e-05
8.630000e-01 1.250010e-01 -2.581191e-06 1.000014e-01 -2.438988e-06 1.571171e-05
8.640000e-01 1.250005e-01 7.686024e-06 1.000008e-01 7.262594e-06 5.677335e-06
8.650000e-01 1.249999e-01 -5.777317e-06 1.000002e-01 -5.459044e-06 -4.357043e-06

8.650000e-01 1.249998e-01 -2.268892e-06 9.999970e-02 -2.143903e-06 -4.357043e-06
8.660000e-01 1.249999e-01 -6.428345e-07 9.999991e-02 -6.074216e-07 -3.485540e-06
8.670000e-01 1.250000e-01 -5.375632e-09 1.000000e-01 -5.079495e-09 -2.614037e-06
8.680000e-01 1.250000e-01 5.138407e-08 1.000000e-01 4.855339e-08 -1.742534e-06
8.690000e-01 1.250000e-01 -6.465826e-08 9.999999e-02 -6.109632e-08 -8.710304e-07
8.700000e-01 1.250000e-01 5.439413e-08 1.000000e-01 5.139762e-08 4.728282e-10

8.700000e-01 1.250000e-01 9.179101e-09 1.000000e-01 8.673435e-09 4.728282e-10
8.710000e-01 1.250000e-01 9.215774e-09 1.000000e-01 8.708088e-09 1.149241e-09
8.720000e-01 1.250000e-01 3.463102e-09 1.000000e-01 3.272324e-09 1.825653e-09
8.730000e-01 1.250000e-01 -2.350015e-09 1.000000e-01 -2.220555e-09 2.502065e-09
8.740000e-01 1.250000e-01 -2.494675e-09 1.000000e-01 -2.357247e-09 3.178478e-09
8.750000e-01 1.250000e-01 8.758020e-09 1.000000e-01 8.275551e-09 3.854890e-09

8.750000e-01 1.250000e-01 5.281183e-09 1.000000e-01 4.990249e-09 3.854890e-09
8.760000e-01 1.250000e-01 -1.122897e-09 1.000000e-01 -1.061038e-09 2.595012e-09
8.770000e-01 1.250000e-01 -1.689024e-09 1.000000e-01 -1.595977e-09 1.335134e-09
8.780000e-01 1.250000e-01 2.949977e-10 1.000000e-01 2.787466e-10 7.525597e-11
8.790000e-01 1.250000e-01 1.541360e-09 1.000000e-01 1.456448e-09 -1.184622e-09
8.800000e-01 1.250000e-01 -1.237744e-09 1.000000e-01 -1.169558e-09 -2.444500e-09

8.800000e-01 1.250000e-01 -2.708765e-09 1.000000e-01 -2.559542e-09 -2.444500e-09
8.810000e-01 1.250000e-01 -9.530236e-11 1.000000e-01 -9.005227e-11 -1.865257e-09
8.820000e-01 1.250000e-01 5.174326e-10 1.000000e-01 4.889278e-10 -1.286015e-09
8.830000e-01 1.250000e-01 1.006733e-10 1.000000e-01 9.512736e-11 -7.067721e-10
8.840000e-01 1.250000e-01 -3.743468e-10 1.000000e-01 -3.537245e-10 -1.275294e-10
8.850000e-01 1.250000e-01 6.360529e-11 1.000000e-01 6.010135e-11 4.517133e-10

8.850000e-01 1.250000e-01 5.380041e-10 1.000000e-01 5.083661e-10 4.517133e-10
8.860000e-01 1.250000e-01 5.298335e-11 1.000000e-01 5.006456e-11 3.455515e-10
8.870000e-01 1.250000e-01 -7.810939e-11 1.000000e-01 -7.380643e-11 2.393897e-10
8.880000e-01 1.250000e-01 -2.214202e-11 1.000000e-01 -2.092224e-11 1.332279e-10
8.890000e-01 1.250000e-01 5.401750e-11 1.000000e-01 5.104174e-11 2.706609e-11
8.900000e-01 1.250000e-01 -1.649876e-11 1.000000e-01 -1.558987e-11 -7.909571e-11

8.900000e-01 1.250000e-01 -7.915043e-11 1.000000e-01 -7.479013e-11 -7.909571e-11
8.910000e-01 1.250000e-01 -2.063595e-12 1.000000e-01 -1.949914e-12 -5.963884e-11
8.920000e-01 1.250000e-01 1.226087e-11 1.000000e-01 1.158544e-11 -4.018198e-11
8.930000e-01 1.250000e-01 -1.836054e-12 1.000000e-01 -1.734908e-12 -2.072511e-11
8.940000e-01 1.250000e-01 -1.001341e-11 1.000000e-01 -9.461781e-12 -1.268247e-12
8.950000e-01 1.250000e-01 2.206978e-11 1.000000e-01 2.085398e-11 1.818862e-11

8.950000e-01 1.250000e-01 1.543958e-11 1.000000e-01 1.458903e-11 1.818862e-11
8.960000e-01 1.250000e-01 -3.088922e-12 1.000000e-01 -2.918757e-12 1.323626e-11
8.970000e-01 1.250000e-01 -3.939108e-12 1.000000e-01 -3.722108e-12 8.283905e-12
8.980000e-01 1.250000e-01 2.124498e-12 1.000000e-01 2.007462e-12 3.331548e-12
8.990000e-01 1.250000e-01 4.337380e-12 1.000000e-01 4.098439e-12 -1.620808e-12
9.000000e-01 1.250000e-01 -8.064981e-12 1.000000e-01 -7.620691e-12 -6.573165e-12

9.000000e-01 1.250000e-01 -6.478006e-12 1.000000e-01 -6.121140e-12 -6.573165e-12
9.010000e-01 1.250000e-01 6.221408e-13 1.000000e-01 5.878678e-13 -4.911693e-12
9.020000e-01 1.250000e-01 1.836448e-12 1.000000e-01 1.735281e-12 -3.250221e-12
9.030000e-01 1.250000e-01 2.595750e-13 1.000000e-01 2.452753e-13 -1.588750e-12
9.040000e-01 1.250000e-01 -1.013821e-12 1.000000e-01 -9.579706e-13 7.272224e-14
9.050000e-01 1.250000e-01 1.110919e-12 1.000000e-01 1.049720e-12 1.734194e-12

9.050000e-01 1.250000e-01 1.952243e-12 1.000000e-01 1.844696e-12 1.734194e-12
9.060000e-01 1.250000e-01 5.610292e-13 1.000000e-01 5.301228e-13 1.482098e-12
9.070000e-01 1.250000e-01 2.602622e-14 1.000000e-01 2.459247e-14 1.230003e-12
9.080000e-01 1.250000e-01 6.964159e-14 1.000000e-01 6.580512e-14 9.779070e-13
9.090000e-01 1.250000e-01 4.142829e-13 1.000000e-01 3.914605e-13 7.258113e-13
9.100000e-01 1.250000e-01 7.823577e-13 1.000000e-01 7.392585e-13 4.737156e-13

9.100000e-01 1.250000e-01 4.155139e-13 1.000000e-01 3.926237e-13 4.737156e-13
9.110000e-01 1.250000e-01 2.649933e-13 1.000000e-01 2.503951e-13 4.091358e-13
9.120000e-01 1.250000e-01 3.024040e-13 1.000000e-01 2.857450e-13 3.445559e-13
9.130000e-01 1.250000e-01 3.878118e-13 1.000000e-01 3.664477e-13 2.799760e-13
9.140000e-01 1.250000e-01 3.812820e-13 1.000000e-01 3.602777e-13 2.153962e-13
9.150000e-01 1.250000e-01 1.428804e-13 1.000000e-01 1.350093e-13 1.508163e-13

9.150000e-01 1.250000e-01 1.377261e-13 1.000000e-01 1.301390e-13 1.508163e-13
9.160000e-01 1.250000e-01 2.900428e-13 1.000000e-01 2.740647e-13 1.897505e-13
9.170000e-01 1.250000e-01 2.778377e-13 1.000000e-01 2.625320e-13 2.286847e-13
9.180000e-01 1.250000e-01 2.072852e-13 1.000000e-01 1.958661e-13 2.676189e-13
9.190000e-01 1.250000e-01 1.845596e-13 1.000000e-01 1.743924e-13 3.065530e-13
9.200000e-01 1.250000e-01 3.158349e-13 1.000000e-01 2.984360e-13 3.454872e-13

9.200000e-01 1.250000e-01 3.563592e-13 1.000000e-01 3.367278e-13 3.454872e-13
9.210000e-01 1.250000e-01 2.382767e-13 1.000000e-01 2.251504e-13 2.729577e-13
9.220000e-01 1.250000e-01 1.815550e-13 1.000000e-01 1.715533e-13 2.004282e-13
9.230000e-01 1.250000e-01 1.480146e-13 1.000000e-01 1.398606e-13 1.278987e-13
9.240000e-01 1.250000e-01 9.947607e-14 1.000000e-01 9.399605e-14 5.536921e-14
9.250000e-01 1.250000e-01 -2.239870e-15 1.000000e-01 -2.116478e-15 -1.716030e-14

9.250000e-01 1.250000e-01 -1.223768e-14 1.000000e-01 -1.156352e-14 -1.716030e-14
9.260000e-01 1.250000e-01 6.508001e-15 1.000000e-01 6.149483e-15 4.393653e-14
9.270000e-01 1.250000e-01 4.290502e-14 1.000000e-01 4.054143e-14 1.050334e-13
9.280000e-01 1.250000e-01 9.975412e-14 1.000000e-01 9.425879e-14 1.661302e-13
9.290000e-01 1.250000e-01 1.798561e-13 1.000000e-01 1.699480e-13 2.272270e-13
9.300000e-01 1.250000e-01 2.860116e-13 1.000000e-01 2.702555e-13 2.883238e-13

9.300000e-01 1.250000e-01 2.800724e-13 1.000000e-01 2.646435e-13 2.883238e-13
9.310000e-01 1.250000e-01 2.618694e-13 1.000000e-01 2.474433e-13 2.386486e-13
9.320000e-01 1.250000e-01 2.209277e-13 1.000000e-01 2.087571e-13 1.889734e-13
9.330000e-01 1.250000e-01 1.637593e-13 1.000000e-01 1.547380e-13 1.392983e-13
9.340000e-01 1.250000e-01 9.687586e-14 1.000000e-01 9.153908e-14 8.962306e-14
9.350000e-01 1.250000e-01 2.678936e-14 1.000000e-01 2.531356e-14 3.994787e-14

9.350000e-01 1.250000e-01 6.040402e-14 1.000000e-01 5.707643e-14 3.994787e-14
9.360000e-01 1.250000e-01 1.011071e-14 1.000000e-01 9.553726e-15 2.332284e-14
9.370000e-01 1.250000e-01 1.947641e-14 1.000000e-01 1.840348e-14 6.697805e-15
9.380000e-01 1.250000e-01 4.552951e-14 1.000000e-01 4.302135e-14 -9.927226e-15
9.390000e-01 1.250000e-01 4.529843e-14 1.000000e-01 4.280299e-14 -2.655226e-14
9.400000e-01 1.250000e-01 -2.418845e-14 1.000000e-01 -2.285594e-14 -4.317729e-14

9.400000e-01 1.250000e-01 -5.279337e-14 1.000000e-01 -4.988504e-14 -4.317729e-14
9.410000e-01 1.250000e-01 4.526452e-14 1.000000e-01 4.277095e-14 -2.518719e-14
9.420000e-01 1.250000e-01 3.564796e-14 1.000000e-01 3.368416e-14 -7.197091e-15
9.430000e-01 1.250000e-01 -9.059360e-15 1.000000e-01 -8.560290e-15 1.079301e-14
9.440000e-01 1.250000e-01 -1.627379e-14 1.000000e-01 -1.537728e-14 2.878311e-14
9.450000e-01 1.250000e-01 8.658835e-14 1.000000e-01 8.181830e-14 4.677320e-14

9.450000e-01 1.250000e-01 2.087825e-15 1.000000e-01 1.972809e-15 4.677320e-14
9.460000e-01 1.250000e-01 3.008803e-14 1.000000e-01 2.843051e-14 4.057768e-14
9.470000e-01 1.250000e-01 1.042648e-14 1.000000e-01 9.852100e-15 3.438215e-14
9.480000e-01 1.250000e-01 -2.158814e-14 1.000000e-01 -2.039887e-14 2.818662e-14
9.490000e-01 1.250000e-01 -3.064716e-14 1.000000e-01 -2.895884e-14 2.199110e-14
9.500000e-01 1.250000e-01 1.855810e-14 1.000000e-01 1.753576e-14 1.579557e-14

9.500000e-01 1.250000e-01 2.170965e-14 1.000000e-01 2.051369e-14 1.579557e-14
9.510000e-01 1.250000e-01 -4.594546e-14 1.000000e-01 -4.341438e-14 -4.155229e-14
9.520000e-01 1.250000e-01 -8.720128e-14 1.000000e-01 -8.239747e-14 -9.890014e-14
9.530000e-01 1.250000e-01 -1.261332e-13 1.000000e-01 -1.191846e-13 -1.562480e-13
9.540000e-01 1.250000e-01 -1.868165e-13 1.000000e-01 -1.765250e-13 -2.135959e-13
9.550000e-01 1.250000e-01 -2.933265e-13 1.000000e-01 -2.771675e-13 -2.709437e-13

9.550000e-01 1.250000e-01 -2.393722e-13 1.000000e-01 -2.261855e-13 -2.709437e-13
9.560000e-01 1.250000e-01 -3.271878e-13 1.000000e-01 -3.091634e-13 -2.967444e-13
9.570000e-01 1.250000e-01 -3.728212e-13 1.000000e-01 -3.522829e-13 -3.225451e-13
9.580000e-01 1.250000e-01 -3.915739e-13 1.000000e-01 -3.700026e-13 -3.483458e-13
9.590000e-01 1.250000e-01 -3.987472e-13 1.000000e-01 -3.767807e-13 -3.741465e-13
9.600000e-01 1.250000e-01 -4.096424e-13 1.000000e-01 -3.870757e-13 -3.999472e-13

9.600000e-01 1.250000e-01 -4.131069e-13 1.000000e-01 -3.903493e-13 -3.999472e-13
9.610000e-01 1.250000e-01 -2.632830e-13 1.000000e-01 -2.487790e-13 -3.192562e-13
9.620000e-01 1.250000e-01 -1.259603e-13 1.000000e-01 -1.190213e-13 -2.385652e-13
9.630000e-01 1.250000e-01 -2.051148e-14 1.000000e-01 -1.938153e-14 -1.578742e-13
9.640000e-01 1.250000e-01 3.369091e-14 1.000000e-01 3.183492e-14 -7.718315e-14
9.650000e-01 1.250000e-01 1.727429e-14 1.000000e-01 1.632267e-14 3.507867e-15

9.650000e-01 1.250000e-01 -1.319463e-15 1.000000e-01 -1.246775e-15 3.507867e-15
9.660000e-01 1.250000e-01 -7.362204e-14 1.000000e-01 -6.956629e-14 -5.906525e-14
9.670000e-01 1.250000e-01 -1.960347e-13 1.000000e-01 -1.852354e-13 -1.216384e-13
9.680000e-01 1.250000e-01 -3.133395e-13 1.000000e-01 -2.960780e-13 -1.842115e-13
9.690000e-01 1.250000e-01 -3.703183e-13 1.000000e-01 -3.499179e-13 -2.467846e-13
9.700000e-01 1.250000e-01 -3.117531e-13 1.000000e-01 -2.945790e-13 -3.093577e-13

9.700000e-01 1.250000e-01 -3.014065e-13 1.000000e-01 -2.848024e-13 -3.093577e-13
9.710000e-01 1.250000e-01 -4.426316e-13 1.000000e-01 -4.182475e-13 -3.024409e-13
9.720000e-01 1.250000e-01 -4.001448e-13 1.000000e-01 -3.781013e-13 -2.955241e-13
9.730000e-01 1.250000e-01 -2.850397e-13 1.000000e-01 -2.693372e-13 -2.886073e-13
9.740000e-01 1.250000e-01 -2.084096e-13 1.000000e-01 -1.969285e-13 -2.816905e-13
9.750000e-01 1.250000e-01 -2.813479e-13 1.000000e-01 -2.658488e-13 -2.747737e-13

9.750000e-01 1.250000e-01 -2.817935e-13 1.000000e-01 -2.662698e-13 -2.747737e-13
9.760000e-01 1.250000e-01 -2.334362e-13 1.000000e-01 -2.205764e-13 -2.847366e-13
9.770000e-01 1.250000e-01 -2.426484e-13 1.000000e-01 -2.292812e-13 -2.946995e-13
9.780000e-01 1.250000e-01 -2.782412e-13 1.000000e-01 -2.629133e-13 -3.046624e-13
9.790000e-01 1.250000e-01 -3.090256e-13 1.000000e-01 -2.920018e-13 -3.146253e-13
9.800000e-01 1.250000e-01 -3.038126e-13 1.000000e-01 -2.870759e-13 -3.245882e-13

9.800000e-01 1.250000e-01 -3.423128e-13 1.000000e-01 -3.234552e-13 -3.245882e-13
9.810000e-01 1.250000e-01 -3.158388e-13 1.000000e-01 -2.984396e-13 -3.096839e-13
9.820000e-01 1.250000e-01 -3.039015e-13 1.000000e-01 -2.871599e-13 -2.947796e-13
9.830000e-01 1.250000e-01 -2.956156e-13 1.000000e-01 -2.793305e-13 -2.798753e-13
9.840000e-01 1.250000e-01 -2.800958e-13 1.000000e-01 -2.646657e-13 -2.649710e-13
9.850000e-01 1.250000e-01 -2.464570e-13 1.000000e-01 -2.328799e-13 -2.500667e-13

9.850000e-01 1.250000e-01 -2.521429e-13 1.000000e-01 -2.382526e-13 -2.500667e-13
9.860000e-01 1.250000e-01 -3.277119e-13 1.000000e-01 -3.096587e-13 -2.714542e-13
9.870000e-01 1.250000e-01 -3.489459e-13 1.000000e-01 -3.297229e-13 -2.928416e-13
9.880000e-01 1.250000e-01 -3.441286e-13 1.000000e-01 -3.251710e-13 -3.142290e-13
9.890000e-01 1.250000e-01 -3.415439e-13 1.000000e-01 -3.227286e-13 -3.356165e-13
9.900000e-01 1.250000e-01 -3.694754e-13 1.000000e-01 -3.491215e-13 -3.570039e-13

9.900000e-01 1.250000e-01 -3.577040e-13 1.000000e-01 -3.379985e-13 -3.570039e-13
9.910000e-01 1.250000e-01 -3.212809e-13 1.000000e-01 -3.035819e-13 -3.332400e-13
9.920000e-01 1.250000e-01 -2.742841e-13 1.000000e-01 -2.591741e-13 -3.094760e-13
9.930000e-01 1.250000e-01 -2.337377e-13 1.000000e-01 -2.208614e-13 -2.857121e-13
9.940000e-01 1.250000e-01 -2.166659e-13 1.000000e-01 -2.047300e-13 -2.619482e-13
9.950000e-01 1.250000e-01 -2.400928e-13 1.000000e-01 -2.268664e-13 -2.381842e-13

9.950000e-01 1.250000e-01 -2.328148e-13 1.000000e-01 -2.199893e-13 -2.381842e-13
9.960000e-01 1.250000e-01 -2.729496e-13 1.000000e-01 -2.579131e-13 -2.492548e-13
9.970000e-01 1.250000e-01 -2.809161e-13 1.000000e-01 -2.654408e-13 -2.603254e-13
9.980000e-01 1.250000e-01 -2.750897e-13 1.000000e-01 -2.599353e-13 -2.713959e-13
9.990000e-01 1.250000e-01 -2.738456e-13 1.000000e-01 -2.587598e-13 -2.824665e-13
1.000000e+00 1.250000e-01 -2.955592e-13 1.000000e-01 -2.792772e-13 -2.935370e-13

