0.000000 	 1.293893 
0.001000 	 1.296428 
0.002000 	 1.298952 
0.003000 	 1.301465 
0.004000 	 1.303965 
0.005000 	 1.306454 
0.006000 	 1.308930 
0.007000 	 1.311394 
0.008000 	 1.313846 
0.009000 	 1.316285 
0.010000 	 1.318712 
0.011000 	 1.321126 
0.012000 	 1.323528 
0.013000 	 1.325917 
0.014000 	 1.328293 
0.015000 	 1.330656 
0.016000 	 1.333006 
0.017000 	 1.335343 
0.018000 	 1.337666 
0.019000 	 1.339977 
0.020000 	 1.342274 
0.021000 	 1.344557 
0.022000 	 1.346827 
0.023000 	 1.349083 
0.024000 	 1.351325 
0.025000 	 1.353553 
0.026000 	 1.355768 
0.027000 	 1.357968 
0.028000 	 1.360155 
0.029000 	 1.362327 
0.030000 	 1.364484 
0.031000 	 1.366628 
0.032000 	 1.368757 
0.033000 	 1.370871 
0.034000 	 1.372971 
0.035000 	 1.375056 
0.036000 	 1.377126 
0.037000 	 1.379181 
0.038000 	 1.381221 
0.039000 	 1.383247 
0.040000 	 1.385257 
0.041000 	 1.387252 
0.042000 	 1.389231 
0.043000 	 1.391195 
0.044000 	 1.393144 
0.045000 	 1.395078 
0.046000 	 1.396995 
0.047000 	 1.398897 
0.048000 	 1.400783 
0.049000 	 1.402654 
0.050000 	 1.404508 
0.051000 	 1.406347 
0.052000 	 1.408170 
0.053000 	 1.409976 
0.054000 	 1.411766 
0.055000 	 1.413540 
0.056000 	 1.415298 
0.057000 	 1.417039 
0.058000 	 1.418764 
0.059000 	 1.420472 
0.060000 	 1.422164 
0.061000 	 1.423839 
0.062000 	 1.425497 
0.063000 	 1.427139 
0.064000 	 1.428763 
0.065000 	 1.430371 
0.066000 	 1.431962 
0.067000 	 1.433535 
0.068000 	 1.435092 
0.069000 	 1.436631 
0.070000 	 1.438153 
0.071000 	 1.439658 
0.072000 	 1.441146 
0.073000 	 1.442616 
0.074000 	 1.444068 
0.075000 	 1.445503 
0.076000 	 1.446921 
0.077000 	 1.448321 
0.078000 	 1.449703 
0.079000 	 1.451067 
0.080000 	 1.452414 
0.081000 	 1.453742 
0.082000 	 1.455053 
0.083000 	 1.456346 
0.084000 	 1.457621 
0.085000 	 1.458877 
0.086000 	 1.460116 
0.087000 	 1.461336 
0.088000 	 1.462539 
0.089000 	 1.463723 
0.090000 	 1.464888 
0.091000 	 1.466036 
0.092000 	 1.467164 
0.093000 	 1.468275 
0.094000 	 1.469367 
0.095000 	 1.470440 
0.096000 	 1.471495 
0.097000 	 1.472532 
0.098000 	 1.473549 
0.099000 	 1.474548 
0.100000 	 1.475528 
0.101000 	 1.476490 
0.102000 	 1.477432 
0.103000 	 1.478356 
0.104000 	 1.479261 
0.105000 	 1.480147 
0.106000 	 1.481014 
0.107000 	 1.481862 
0.108000 	 1.482691 
0.109000 	 1.483501 
0.110000 	 1.484292 
0.111000 	 1.485063 
0.112000 	 1.485816 
0.113000 	 1.486549 
0.114000 	 1.487263 
0.115000 	 1.487958 
0.116000 	 1.488634 
0.117000 	 1.489290 
0.118000 	 1.489928 
0.119000 	 1.490545 
0.120000 	 1.491144 
0.121000 	 1.491723 
0.122000 	 1.492282 
0.123000 	 1.492822 
0.124000 	 1.493343 
0.125000 	 1.493844 
0.126000 	 1.494326 
0.127000 	 1.494788 
0.128000 	 1.495231 
0.129000 	 1.495654 
0.130000 	 1.496057 
0.131000 	 1.496441 
0.132000 	 1.496806 
0.133000 	 1.497150 
0.134000 	 1.497476 
0.135000 	 1.497781 
0.136000 	 1.498067 
0.137000 	 1.498333 
0.138000 	 1.498579 
0.139000 	 1.498806 
0.140000 	 1.499013 
0.141000 	 1.499201 
0.142000 	 1.499368 
0.143000 	 1.499516 
0.144000 	 1.499645 
0.145000 	 1.499753 
0.146000 	 1.499842 
0.147000 	 1.499911 
0.148000 	 1.499961 
0.149000 	 1.499990 
0.150000 	 1.500000 
0.151000 	 1.499990 
0.152000 	 1.499961 
0.153000 	 1.499911 
0.154000 	 1.499842 
0.155000 	 1.499753 
0.156000 	 1.499645 
0.157000 	 1.499516 
0.158000 	 1.499368 
0.159000 	 1.499201 
0.160000 	 1.499013 
0.161000 	 1.498806 
0.162000 	 1.498579 
0.163000 	 1.498333 
0.164000 	 1.498067 
0.165000 	 1.497781 
0.166000 	 1.497476 
0.167000 	 1.497150 
0.168000 	 1.496806 
0.169000 	 1.496441 
0.170000 	 1.496057 
0.171000 	 1.495654 
0.172000 	 1.495231 
0.173000 	 1.494788 
0.174000 	 1.494326 
0.175000 	 1.493844 
0.176000 	 1.493343 
0.177000 	 1.492822 
0.178000 	 1.492282 
0.179000 	 1.491723 
0.180000 	 1.491144 
0.181000 	 1.490545 
0.182000 	 1.489928 
0.183000 	 1.489290 
0.184000 	 1.488634 
0.185000 	 1.487958 
0.186000 	 1.487263 
0.187000 	 1.486549 
0.188000 	 1.485816 
0.189000 	 1.485063 
0.190000 	 1.484292 
0.191000 	 1.483501 
0.192000 	 1.482691 
0.193000 	 1.481862 
0.194000 	 1.481014 
0.195000 	 1.480147 
0.196000 	 1.479261 
0.197000 	 1.478356 
0.198000 	 1.477432 
0.199000 	 1.476490 
0.200000 	 1.475528 
0.201000 	 1.474548 
0.202000 	 1.473549 
0.203000 	 1.472532 
0.204000 	 1.471495 
0.205000 	 1.470440 
0.206000 	 1.469367 
0.207000 	 1.468275 
0.208000 	 1.467164 
0.209000 	 1.466036 
0.210000 	 1.464888 
0.211000 	 1.463723 
0.212000 	 1.462539 
0.213000 	 1.461336 
0.214000 	 1.460116 
0.215000 	 1.458877 
0.216000 	 1.457621 
0.217000 	 1.456346 
0.218000 	 1.455053 
0.219000 	 1.453742 
0.220000 	 1.452414 
0.221000 	 1.451067 
0.222000 	 1.449703 
0.223000 	 1.448321 
0.224000 	 1.446921 
0.225000 	 1.445503 
0.226000 	 1.444068 
0.227000 	 1.442616 
0.228000 	 1.441146 
0.229000 	 1.439658 
0.230000 	 1.438153 
0.231000 	 1.436631 
0.232000 	 1.435092 
0.233000 	 1.433535 
0.234000 	 1.431962 
0.235000 	 1.430371 
0.236000 	 1.428763 
0.237000 	 1.427139 
0.238000 	 1.425497 
0.239000 	 1.423839 
0.240000 	 1.422164 
0.241000 	 1.420472 
0.242000 	 1.418764 
0.243000 	 1.417039 
0.244000 	 1.415298 
0.245000 	 1.413540 
0.246000 	 1.411766 
0.247000 	 1.409976 
0.248000 	 1.408170 
0.249000 	 1.406347 
0.250000 	 1.404508 
0.251000 	 1.402654 
0.252000 	 1.400783 
0.253000 	 1.398897 
0.254000 	 1.396995 
0.255000 	 1.395078 
0.256000 	 1.393144 
0.257000 	 1.391195 
0.258000 	 1.389231 
0.259000 	 1.387252 
0.260000 	 1.385257 
0.261000 	 1.383247 
0.262000 	 1.381221 
0.263000 	 1.379181 
0.264000 	 1.377126 
0.265000 	 1.375056 
0.266000 	 1.372971 
0.267000 	 1.370871 
0.268000 	 1.368757 
0.269000 	 1.366628 
0.270000 	 1.364484 
0.271000 	 1.362327 
0.272000 	 1.360155 
0.273000 	 1.357968 
0.274000 	 1.355768 
0.275000 	 1.353553 
0.276000 	 1.351325 
0.277000 	 1.349083 
0.278000 	 1.346827 
0.279000 	 1.344557 
0.280000 	 1.342274 
0.281000 	 1.339977 
0.282000 	 1.337666 
0.283000 	 1.335343 
0.284000 	 1.333006 
0.285000 	 1.330656 
0.286000 	 1.328293 
0.287000 	 1.325917 
0.288000 	 1.323528 
0.289000 	 1.321126 
0.290000 	 1.318712 
0.291000 	 1.316285 
0.292000 	 1.313846 
0.293000 	 1.311394 
0.294000 	 1.308930 
0.295000 	 1.306454 
0.296000 	 1.303965 
0.297000 	 1.301465 
0.298000 	 1.298952 
0.299000 	 1.296428 
0.300000 	 1.293893 
0.301000 	 1.291345 
0.302000 	 1.288786 
0.303000 	 1.286216 
0.304000 	 1.283634 
0.305000 	 1.281042 
0.306000 	 1.278438 
0.307000 	 1.275823 
0.308000 	 1.273197 
0.309000 	 1.270561 
0.310000 	 1.267913 
0.311000 	 1.265256 
0.312000 	 1.262587 
0.313000 	 1.259909 
0.314000 	 1.257220 
0.315000 	 1.254521 
0.316000 	 1.251812 
0.317000 	 1.249093 
0.318000 	 1.246364 
0.319000 	 1.243625 
0.320000 	 1.240877 
0.321000 	 1.238119 
0.322000 	 1.235352 
0.323000 	 1.232576 
0.324000 	 1.229790 
0.325000 	 1.226995 
0.326000 	 1.224192 
0.327000 	 1.221379 
0.328000 	 1.218558 
0.329000 	 1.215728 
0.330000 	 1.212890 
0.331000 	 1.210043 
0.332000 	 1.207188 
0.333000 	 1.204325 
0.334000 	 1.201453 
0.335000 	 1.198574 
0.336000 	 1.195687 
0.337000 	 1.192792 
0.338000 	 1.189890 
0.339000 	 1.186980 
0.340000 	 1.184062 
0.341000 	 1.181138 
0.342000 	 1.178206 
0.343000 	 1.175267 
0.344000 	 1.172321 
0.345000 	 1.169369 
0.346000 	 1.166410 
0.347000 	 1.163444 
0.348000 	 1.160472 
0.349000 	 1.157493 
0.350000 	 1.154508 
0.351000 	 1.151518 
0.352000 	 1.148521 
0.353000 	 1.145518 
0.354000 	 1.142510 
0.355000 	 1.139496 
0.356000 	 1.136476 
0.357000 	 1.133451 
0.358000 	 1.130421 
0.359000 	 1.127385 
0.360000 	 1.124345 
0.361000 	 1.121300 
0.362000 	 1.118249 
0.363000 	 1.115195 
0.364000 	 1.112135 
0.365000 	 1.109072 
0.366000 	 1.106004 
0.367000 	 1.102931 
0.368000 	 1.099855 
0.369000 	 1.096775 
0.370000 	 1.093691 
0.371000 	 1.090603 
0.372000 	 1.087512 
0.373000 	 1.084417 
0.374000 	 1.081319 
0.375000 	 1.078217 
0.376000 	 1.075113 
0.377000 	 1.072005 
0.378000 	 1.068895 
0.379000 	 1.065782 
0.380000 	 1.062667 
0.381000 	 1.059549 
0.382000 	 1.056428 
0.383000 	 1.053306 
0.384000 	 1.050181 
0.385000 	 1.047054 
0.386000 	 1.043926 
0.387000 	 1.040795 
0.388000 	 1.037663 
0.389000 	 1.034530 
0.390000 	 1.031395 
0.391000 	 1.028259 
0.392000 	 1.025122 
0.393000 	 1.021984 
0.394000 	 1.018845 
0.395000 	 1.015705 
0.396000 	 1.012565 
0.397000 	 1.009424 
0.398000 	 1.006283 
0.399000 	 1.003142 
0.400000 	 1.000000 
0.401000 	 0.996858 
0.402000 	 0.993717 
0.403000 	 0.990576 
0.404000 	 0.987435 
0.405000 	 0.984295 
0.406000 	 0.981155 
0.407000 	 0.978016 
0.408000 	 0.974878 
0.409000 	 0.971741 
0.410000 	 0.968605 
0.411000 	 0.965470 
0.412000 	 0.962337 
0.413000 	 0.959205 
0.414000 	 0.956074 
0.415000 	 0.952946 
0.416000 	 0.949819 
0.417000 	 0.946694 
0.418000 	 0.943572 
0.419000 	 0.940451 
0.420000 	 0.937333 
0.421000 	 0.934218 
0.422000 	 0.931105 
0.423000 	 0.927995 
0.424000 	 0.924887 
0.425000 	 0.921783 
0.426000 	 0.918681 
0.427000 	 0.915583 
0.428000 	 0.912488 
0.429000 	 0.909397 
0.430000 	 0.906309 
0.431000 	 0.903225 
0.432000 	 0.900145 
0.433000 	 0.897069 
0.434000 	 0.893996 
0.435000 	 0.890928 
0.436000 	 0.887865 
0.437000 	 0.884805 
0.438000 	 0.881751 
0.439000 	 0.878700 
0.440000 	 0.875655 
0.441000 	 0.872615 
0.442000 	 0.869579 
0.443000 	 0.866549 
0.444000 	 0.863524 
0.445000 	 0.860504 
0.446000 	 0.857490 
0.447000 	 0.854482 
0.448000 	 0.851479 
0.449000 	 0.848482 
0.450000 	 0.845492 
0.451000 	 0.842507 
0.452000 	 0.839528 
0.453000 	 0.836556 
0.454000 	 0.833590 
0.455000 	 0.830631 
0.456000 	 0.827679 
0.457000 	 0.824733 
0.458000 	 0.821794 
0.459000 	 0.818862 
0.460000 	 0.815938 
0.461000 	 0.813020 
0.462000 	 0.810110 
0.463000 	 0.807208 
0.464000 	 0.804313 
0.465000 	 0.801426 
0.466000 	 0.798547 
0.467000 	 0.795675 
0.468000 	 0.792812 
0.469000 	 0.789957 
0.470000 	 0.787110 
0.471000 	 0.784272 
0.472000 	 0.781442 
0.473000 	 0.778621 
0.474000 	 0.775808 
0.475000 	 0.773005 
0.476000 	 0.770210 
0.477000 	 0.767424 
0.478000 	 0.764648 
0.479000 	 0.761881 
0.480000 	 0.759123 
0.481000 	 0.756375 
0.482000 	 0.753636 
0.483000 	 0.750907 
0.484000 	 0.748188 
0.485000 	 0.745479 
0.486000 	 0.742780 
0.487000 	 0.740091 
0.488000 	 0.737413 
0.489000 	 0.734744 
0.490000 	 0.732087 
0.491000 	 0.729439 
0.492000 	 0.726803 
0.493000 	 0.724177 
0.494000 	 0.721562 
0.495000 	 0.718958 
0.496000 	 0.716366 
0.497000 	 0.713784 
0.498000 	 0.711214 
0.499000 	 0.708655 
0.500000 	 0.706107 
0.501000 	 0.703572 
0.502000 	 0.701048 
0.503000 	 0.698535 
0.504000 	 0.696035 
0.505000 	 0.693546 
0.506000 	 0.691070 
0.507000 	 0.688606 
0.508000 	 0.686154 
0.509000 	 0.683715 
0.510000 	 0.681288 
0.511000 	 0.678874 
0.512000 	 0.676472 
0.513000 	 0.674083 
0.514000 	 0.671707 
0.515000 	 0.669344 
0.516000 	 0.666994 
0.517000 	 0.664657 
0.518000 	 0.662334 
0.519000 	 0.660023 
0.520000 	 0.657726 
0.521000 	 0.655443 
0.522000 	 0.653173 
0.523000 	 0.650917 
0.524000 	 0.648675 
0.525000 	 0.646447 
0.526000 	 0.644232 
0.527000 	 0.642032 
0.528000 	 0.639845 
0.529000 	 0.637673 
0.530000 	 0.635516 
0.531000 	 0.633372 
0.532000 	 0.631243 
0.533000 	 0.629129 
0.534000 	 0.627029 
0.535000 	 0.624944 
0.536000 	 0.622874 
0.537000 	 0.620819 
0.538000 	 0.618779 
0.539000 	 0.616753 
0.540000 	 0.614743 
0.541000 	 0.612748 
0.542000 	 0.610769 
0.543000 	 0.608805 
0.544000 	 0.606856 
0.545000 	 0.604922 
0.546000 	 0.603005 
0.547000 	 0.601103 
0.548000 	 0.599217 
0.549000 	 0.597346 
0.550000 	 0.595492 
0.551000 	 0.593653 
0.552000 	 0.591830 
0.553000 	 0.590024 
0.554000 	 0.588234 
0.555000 	 0.586460 
0.556000 	 0.584702 
0.557000 	 0.582961 
0.558000 	 0.581236 
0.559000 	 0.579528 
0.560000 	 0.577836 
0.561000 	 0.576161 
0.562000 	 0.574503 
0.563000 	 0.572861 
0.564000 	 0.571237 
0.565000 	 0.569629 
0.566000 	 0.568038 
0.567000 	 0.566465 
0.568000 	 0.564908 
0.569000 	 0.563369 
0.570000 	 0.561847 
0.571000 	 0.560342 
0.572000 	 0.558854 
0.573000 	 0.557384 
0.574000 	 0.555932 
0.575000 	 0.554497 
0.576000 	 0.553079 
0.577000 	 0.551679 
0.578000 	 0.550297 
0.579000 	 0.548933 
0.580000 	 0.547586 
0.581000 	 0.546258 
0.582000 	 0.544947 
0.583000 	 0.543654 
0.584000 	 0.542379 
0.585000 	 0.541123 
0.586000 	 0.539884 
0.587000 	 0.538664 
0.588000 	 0.537461 
0.589000 	 0.536277 
0.590000 	 0.535112 
0.591000 	 0.533964 
0.592000 	 0.532836 
0.593000 	 0.531725 
0.594000 	 0.530633 
0.595000 	 0.529560 
0.596000 	 0.528505 
0.597000 	 0.527468 
0.598000 	 0.526451 
0.599000 	 0.525452 
0.600000 	 0.524472 
0.601000 	 0.523510 
0.602000 	 0.522568 
0.603000 	 0.521644 
0.604000 	 0.520739 
0.605000 	 0.519853 
0.606000 	 0.518986 
0.607000 	 0.518138 
0.608000 	 0.517309 
0.609000 	 0.516499 
0.610000 	 0.515708 
0.611000 	 0.514937 
0.612000 	 0.514184 
0.613000 	 0.513451 
0.614000 	 0.512737 
0.615000 	 0.512042 
0.616000 	 0.511366 
0.617000 	 0.510710 
0.618000 	 0.510072 
0.619000 	 0.509455 
0.620000 	 0.508856 
0.621000 	 0.508277 
0.622000 	 0.507718 
0.623000 	 0.507178 
0.624000 	 0.506657 
0.625000 	 0.506156 
0.626000 	 0.505674 
0.627000 	 0.505212 
0.628000 	 0.504769 
0.629000 	 0.504346 
0.630000 	 0.503943 
0.631000 	 0.503559 
0.632000 	 0.503194 
0.633000 	 0.502850 
0.634000 	 0.502524 
0.635000 	 0.502219 
0.636000 	 0.501933 
0.637000 	 0.501667 
0.638000 	 0.501421 
0.639000 	 0.501194 
0.640000 	 0.500987 
0.641000 	 0.500799 
0.642000 	 0.500632 
0.643000 	 0.500484 
0.644000 	 0.500355 
0.645000 	 0.500247 
0.646000 	 0.500158 
0.647000 	 0.500089 
0.648000 	 0.500039 
0.649000 	 0.500010 
0.650000 	 0.500000 
0.651000 	 0.500010 
0.652000 	 0.500039 
0.653000 	 0.500089 
0.654000 	 0.500158 
0.655000 	 0.500247 
0.656000 	 0.500355 
0.657000 	 0.500484 
0.658000 	 0.500632 
0.659000 	 0.500799 
0.660000 	 0.500987 
0.661000 	 0.501194 
0.662000 	 0.501421 
0.663000 	 0.501667 
0.664000 	 0.501933 
0.665000 	 0.502219 
0.666000 	 0.502524 
0.667000 	 0.502850 
0.668000 	 0.503194 
0.669000 	 0.503559 
0.670000 	 0.503943 
0.671000 	 0.504346 
0.672000 	 0.504769 
0.673000 	 0.505212 
0.674000 	 0.505674 
0.675000 	 0.506156 
0.676000 	 0.506657 
0.677000 	 0.507178 
0.678000 	 0.507718 
0.679000 	 0.508277 
0.680000 	 0.508856 
0.681000 	 0.509455 
0.682000 	 0.510072 
0.683000 	 0.510710 
0.684000 	 0.511366 
0.685000 	 0.512042 
0.686000 	 0.512737 
0.687000 	 0.513451 
0.688000 	 0.514184 
0.689000 	 0.514937 
0.690000 	 0.515708 
0.691000 	 0.516499 
0.692000 	 0.517309 
0.693000 	 0.518138 
0.694000 	 0.518986 
0.695000 	 0.519853 
0.696000 	 0.520739 
0.697000 	 0.521644 
0.698000 	 0.522568 
0.699000 	 0.523510 
0.700000 	 0.524472 
0.701000 	 0.525452 
0.702000 	 0.526451 
0.703000 	 0.527468 
0.704000 	 0.528505 
0.705000 	 0.529560 
0.706000 	 0.530633 
0.707000 	 0.531725 
0.708000 	 0.532836 
0.709000 	 0.533964 
0.710000 	 0.535112 
0.711000 	 0.536277 
0.712000 	 0.537461 
0.713000 	 0.538664 
0.714000 	 0.539884 
0.715000 	 0.541123 
0.716000 	 0.542379 
0.717000 	 0.543654 
0.718000 	 0.544947 
0.719000 	 0.546258 
0.720000 	 0.547586 
0.721000 	 0.548933 
0.722000 	 0.550297 
0.723000 	 0.551679 
0.724000 	 0.553079 
0.725000 	 0.554497 
0.726000 	 0.555932 
0.727000 	 0.557384 
0.728000 	 0.558854 
0.729000 	 0.560342 
0.730000 	 0.561847 
0.731000 	 0.563369 
0.732000 	 0.564908 
0.733000 	 0.566465 
0.734000 	 0.568038 
0.735000 	 0.569629 
0.736000 	 0.571237 
0.737000 	 0.572861 
0.738000 	 0.574503 
0.739000 	 0.576161 
0.740000 	 0.577836 
0.741000 	 0.579528 
0.742000 	 0.581236 
0.743000 	 0.582961 
0.744000 	 0.584702 
0.745000 	 0.586460 
0.746000 	 0.588234 
0.747000 	 0.590024 
0.748000 	 0.591830 
0.749000 	 0.593653 
0.750000 	 0.595492 
0.751000 	 0.597346 
0.752000 	 0.599217 
0.753000 	 0.601103 
0.754000 	 0.603005 
0.755000 	 0.604922 
0.756000 	 0.606856 
0.757000 	 0.608805 
0.758000 	 0.610769 
0.759000 	 0.612748 
0.760000 	 0.614743 
0.761000 	 0.616753 
0.762000 	 0.618779 
0.763000 	 0.620819 
0.764000 	 0.622874 
0.765000 	 0.624944 
0.766000 	 0.627029 
0.767000 	 0.629129 
0.768000 	 0.631243 
0.769000 	 0.633372 
0.770000 	 0.635516 
0.771000 	 0.637673 
0.772000 	 0.639845 
0.773000 	 0.642032 
0.774000 	 0.644232 
0.775000 	 0.646447 
0.776000 	 0.648675 
0.777000 	 0.650917 
0.778000 	 0.653173 
0.779000 	 0.655443 
0.780000 	 0.657726 
0.781000 	 0.660023 
0.782000 	 0.662334 
0.783000 	 0.664657 
0.784000 	 0.666994 
0.785000 	 0.669344 
0.786000 	 0.671707 
0.787000 	 0.674083 
0.788000 	 0.676472 
0.789000 	 0.678874 
0.790000 	 0.681288 
0.791000 	 0.683715 
0.792000 	 0.686154 
0.793000 	 0.688606 
0.794000 	 0.691070 
0.795000 	 0.693546 
0.796000 	 0.696035 
0.797000 	 0.698535 
0.798000 	 0.701048 
0.799000 	 0.703572 
0.800000 	 0.706107 
0.801000 	 0.708655 
0.802000 	 0.711214 
0.803000 	 0.713784 
0.804000 	 0.716366 
0.805000 	 0.718958 
0.806000 	 0.721562 
0.807000 	 0.724177 
0.808000 	 0.726803 
0.809000 	 0.729439 
0.810000 	 0.732087 
0.811000 	 0.734744 
0.812000 	 0.737413 
0.813000 	 0.740091 
0.814000 	 0.742780 
0.815000 	 0.745479 
0.816000 	 0.748188 
0.817000 	 0.750907 
0.818000 	 0.753636 
0.819000 	 0.756375 
0.820000 	 0.759123 
0.821000 	 0.761881 
0.822000 	 0.764648 
0.823000 	 0.767424 
0.824000 	 0.770210 
0.825000 	 0.773005 
0.826000 	 0.775808 
0.827000 	 0.778621 
0.828000 	 0.781442 
0.829000 	 0.784272 
0.830000 	 0.787110 
0.831000 	 0.789957 
0.832000 	 0.792812 
0.833000 	 0.795675 
0.834000 	 0.798547 
0.835000 	 0.801426 
0.836000 	 0.804313 
0.837000 	 0.807208 
0.838000 	 0.810110 
0.839000 	 0.813020 
0.840000 	 0.815938 
0.841000 	 0.818862 
0.842000 	 0.821794 
0.843000 	 0.824733 
0.844000 	 0.827679 
0.845000 	 0.830631 
0.846000 	 0.833590 
0.847000 	 0.836556 
0.848000 	 0.839528 
0.849000 	 0.842507 
0.850000 	 0.845492 
0.851000 	 0.848482 
0.852000 	 0.851479 
0.853000 	 0.854482 
0.854000 	 0.857490 
0.855000 	 0.860504 
0.856000 	 0.863524 
0.857000 	 0.866549 
0.858000 	 0.869579 
0.859000 	 0.872615 
0.860000 	 0.875655 
0.861000 	 0.878700 
0.862000 	 0.881751 
0.863000 	 0.884805 
0.864000 	 0.887865 
0.865000 	 0.890928 
0.866000 	 0.893996 
0.867000 	 0.897069 
0.868000 	 0.900145 
0.869000 	 0.903225 
0.870000 	 0.906309 
0.871000 	 0.909397 
0.872000 	 0.912488 
0.873000 	 0.915583 
0.874000 	 0.918681 
0.875000 	 0.921783 
0.876000 	 0.924887 
0.877000 	 0.927995 
0.878000 	 0.931105 
0.879000 	 0.934218 
0.880000 	 0.937333 
0.881000 	 0.940451 
0.882000 	 0.943572 
0.883000 	 0.946694 
0.884000 	 0.949819 
0.885000 	 0.952946 
0.886000 	 0.956074 
0.887000 	 0.959205 
0.888000 	 0.962337 
0.889000 	 0.965470 
0.890000 	 0.968605 
0.891000 	 0.971741 
0.892000 	 0.974878 
0.893000 	 0.978016 
0.894000 	 0.981155 
0.895000 	 0.984295 
0.896000 	 0.987435 
0.897000 	 0.990576 
0.898000 	 0.993717 
0.899000 	 0.996858 
0.900000 	 1.000000 
0.901000 	 1.003142 
0.902000 	 1.006283 
0.903000 	 1.009424 
0.904000 	 1.012565 
0.905000 	 1.015705 
0.906000 	 1.018845 
0.907000 	 1.021984 
0.908000 	 1.025122 
0.909000 	 1.028259 
0.910000 	 1.031395 
0.911000 	 1.034530 
0.912000 	 1.037663 
0.913000 	 1.040795 
0.914000 	 1.043926 
0.915000 	 1.047054 
0.916000 	 1.050181 
0.917000 	 1.053306 
0.918000 	 1.056428 
0.919000 	 1.059549 
0.920000 	 1.062667 
0.921000 	 1.065782 
0.922000 	 1.068895 
0.923000 	 1.072005 
0.924000 	 1.075113 
0.925000 	 1.078217 
0.926000 	 1.081319 
0.927000 	 1.084417 
0.928000 	 1.087512 
0.929000 	 1.090603 
0.930000 	 1.093691 
0.931000 	 1.096775 
0.932000 	 1.099855 
0.933000 	 1.102931 
0.934000 	 1.106004 
0.935000 	 1.109072 
0.936000 	 1.112135 
0.937000 	 1.115195 
0.938000 	 1.118249 
0.939000 	 1.121300 
0.940000 	 1.124345 
0.941000 	 1.127385 
0.942000 	 1.130421 
0.943000 	 1.133451 
0.944000 	 1.136476 
0.945000 	 1.139496 
0.946000 	 1.142510 
0.947000 	 1.145518 
0.948000 	 1.148521 
0.949000 	 1.151518 
0.950000 	 1.154508 
0.951000 	 1.157493 
0.952000 	 1.160472 
0.953000 	 1.163444 
0.954000 	 1.166410 
0.955000 	 1.169369 
0.956000 	 1.172321 
0.957000 	 1.175267 
0.958000 	 1.178206 
0.959000 	 1.181138 
0.960000 	 1.184062 
0.961000 	 1.186980 
0.962000 	 1.189890 
0.963000 	 1.192792 
0.964000 	 1.195687 
0.965000 	 1.198574 
0.966000 	 1.201453 
0.967000 	 1.204325 
0.968000 	 1.207188 
0.969000 	 1.210043 
0.970000 	 1.212890 
0.971000 	 1.215728 
0.972000 	 1.218558 
0.973000 	 1.221379 
0.974000 	 1.224192 
0.975000 	 1.226995 
0.976000 	 1.229790 
0.977000 	 1.232576 
0.978000 	 1.235352 
0.979000 	 1.238119 
0.980000 	 1.240877 
0.981000 	 1.243625 
0.982000 	 1.246364 
0.983000 	 1.249093 
0.984000 	 1.251812 
0.985000 	 1.254521 
0.986000 	 1.257220 
0.987000 	 1.259909 
0.988000 	 1.262587 
0.989000 	 1.265256 
0.990000 	 1.267913 
0.991000 	 1.270561 
0.992000 	 1.273197 
0.993000 	 1.275823 
0.994000 	 1.278438 
0.995000 	 1.281042 
0.996000 	 1.283634 
0.997000 	 1.286216 
0.998000 	 1.288786 
0.999000 	 1.291345 
